
   1       0.488113805237       0.000754495540       0.005240155160       0.000012384859       0.000000000000       0.000000000000       0.000000000000       0.000000000000
   2       0.000754495540       0.498764965994       0.021158628623      -0.000047218851       0.000000000000       0.000000000000       0.000000000000       0.000000000000
   3       0.005240155160       0.021158628623       0.509416135001       0.000253254653      -4.929884901258      -1.256159225300       0.000000000000       0.000000000000
   4       0.000012384859      -0.000047218851       0.000253254653       0.497524631398      -1.144208155549      -3.066279144444       0.000000000000       0.000000000000
   5       0.021158628623       0.001069820580       0.000253254653      -4.929884901258      -1.256159225300      -1.442079294674       0.000000000000       0.000000000000
   6      -0.000047218851       0.029710967877       0.497524631398      -1.144208155549      -3.066279144444      -0.021331154164       0.000000000000       0.000000000000
   7       0.000000000000       0.000000000000       0.000000000000       0.000000000000       0.000000000000       0.000000000000       0.000000000000       0.000000000000
   8       0.000000000000       0.000000000000       0.000000000000       0.000000000000       0.000000000000       0.000000000000       0.000000000000       0.000000000000
  

 
   1       0.000067072045      -0.000001198084      -0.000010467825      -0.008907825999       0.000000000000       0.000000000000       0.000000000000       0.000000000000
   2      -0.000001198084      -0.000007321143       0.000035395612       0.016894667671       0.000000000000       0.000000000000       0.000000000000       0.000000000000
   3      -0.000010467825       0.000035395612      -0.000236300038      -0.150093764080      -4.929884901258      -1.256159225300       0.000000000000       0.000000000000
   4      -0.008907825999       0.016894667671      -0.150093764080       0.000416982505      -1.144208155549      -3.066279144444       0.000000000000       0.000000000000
   5       0.000035395612      -0.113481495130      -0.150093764080      -4.929884901258      -1.256159225300      -1.442079294674       0.000000000000       0.000000000000
   6       0.016894667671      -0.000276740232       0.000416982505      -1.144208155549      -3.066279144444      -0.021331154164       0.000000000000       0.000000000000
   7       0.000000000000       0.000000000000       0.000000000000       0.000000000000       0.000000000000       0.000000000000       0.000000000000       0.000000000000
   8       0.000000000000       0.000000000000       0.000000000000       0.000000000000       0.000000000000       0.000000000000       0.000000000000       0.000000000000
  

 
   1      -0.008147162300      -0.000039419884      -0.000231116768      -0.000029828983       0.000000000000       0.000000000000       0.000000000000       0.000000000000
   2      -0.000039419884      -0.008853711351      -0.000537475195       0.000062574130       0.000000000000       0.000000000000       0.000000000000       0.000000000000
   3      -0.000231116768      -0.000537475195      -0.009957671383      -0.000499505025      -4.929884901258      -1.256159225300       0.000000000000       0.000000000000
   4      -0.000029828983       0.000062574130      -0.000499505025      -0.009310506095      -1.144208155549      -3.066279144444       0.000000000000       0.000000000000
   5      -0.000537475195      -0.000479430891      -0.000499505025      -4.929884901258      -1.256159225300      -1.442079294674       0.000000000000       0.000000000000
   6       0.000062574130      -0.001626746389      -0.009310506095      -1.144208155549      -3.066279144444      -0.021331154164       0.000000000000       0.000000000000
   7       0.000000000000       0.000000000000       0.000000000000       0.000000000000       0.000000000000       0.000000000000       0.000000000000       0.000000000000
   8       0.000000000000       0.000000000000       0.000000000000       0.000000000000       0.000000000000       0.000000000000       0.000000000000       0.000000000000
  

 
   1       0.164678609086      -0.002387384271      -0.002716376814       0.000006405317       0.000000000000       0.000000000000       0.000000000000       0.000000000000
   2      -0.002387384271       0.079213400114       0.036275137498      -0.000009005449       0.000000000000       0.000000000000       0.000000000000       0.000000000000
   3      -0.002716376814       0.036275137498       0.021836040107       0.000029573930      -4.929884901258      -1.256159225300       0.000000000000       0.000000000000
   4       0.000006405317      -0.000009005449       0.000029573930       0.040628994081      -1.144208155549      -3.066279144444       0.000000000000       0.000000000000
   5       0.036275137498      -0.000006412089       0.000029573930      -4.929884901258      -1.256159225300      -1.442079294674       0.000000000000       0.000000000000
   6      -0.000009005449      -0.072071571917       0.040628994081      -1.144208155549      -3.066279144444      -0.021331154164       0.000000000000       0.000000000000
   7       0.000000000000       0.000000000000       0.000000000000       0.000000000000       0.000000000000       0.000000000000       0.000000000000       0.000000000000
   8       0.000000000000       0.000000000000       0.000000000000       0.000000000000       0.000000000000       0.000000000000       0.000000000000       0.000000000000
  

 
   1       0.000516555191       0.000002091843       0.000004828207       0.000000430456       0.000000000000       0.000000000000       0.000000000000       0.000000000000
   2       0.000002091843       0.000460195713       0.000076091907      -0.000002170284       0.000000000000       0.000000000000       0.000000000000       0.000000000000
   3       0.000004828207       0.000076091907       0.000351915387       0.000008779582      -4.929884901258      -1.256159225300       0.000000000000       0.000000000000
   4       0.000000430456      -0.000002170284       0.000008779582       0.000355425095      -1.144208155549      -3.066279144444       0.000000000000       0.000000000000
   5       0.000076091907      -0.000275812794       0.000008779582      -4.929884901258      -1.256159225300      -1.442079294674       0.000000000000       0.000000000000
   6      -0.000002170284      -0.000041989962       0.000355425095      -1.144208155549      -3.066279144444      -0.021331154164       0.000000000000       0.000000000000
   7       0.000000000000       0.000000000000       0.000000000000       0.000000000000       0.000000000000       0.000000000000       0.000000000000       0.000000000000
   8       0.000000000000       0.000000000000       0.000000000000       0.000000000000       0.000000000000       0.000000000000       0.000000000000       0.000000000000
  

 
   1       0.116989258097       0.000933668084       0.007542864366      -0.000004640635       0.000000000000       0.000000000000       0.000000000000       0.000000000000
   2       0.000933668084       0.090295970900       0.058039844706      -0.000035632692       0.000000000000       0.000000000000       0.000000000000       0.000000000000
   3       0.007542864366       0.058039844706       0.055155002955      -0.000020381019      -4.929884901258      -1.256159225300       0.000000000000       0.000000000000
   4      -0.000004640635      -0.000035632692      -0.000020381019       0.036481636802      -1.144208155549      -3.066279144444       0.000000000000       0.000000000000
   5       0.058039844706       0.000241195688      -0.000020381019      -4.929884901258      -1.256159225300      -1.442079294674       0.000000000000       0.000000000000
   6      -0.000035632692      -0.035157989423       0.036481636802      -1.144208155549      -3.066279144444      -0.021331154164       0.000000000000       0.000000000000
   7       0.000000000000       0.000000000000       0.000000000000       0.000000000000       0.000000000000       0.000000000000       0.000000000000       0.000000000000
   8       0.000000000000       0.000000000000       0.000000000000       0.000000000000       0.000000000000       0.000000000000       0.000000000000       0.000000000000
  

 
   1       0.000111249963       0.000000339790       0.000012196359       0.009382715035       0.000000000000       0.000000000000       0.000000000000       0.000000000000
   2       0.000000339790       0.000072971362       0.000088142589       0.039803559736       0.000000000000       0.000000000000       0.000000000000       0.000000000000
   3       0.000012196359       0.000088142589      -0.000000031412      -0.013847241079      -4.929884901258      -1.256159225300       0.000000000000       0.000000000000
   4       0.009382715035       0.039803559736      -0.013847241079       0.000064161393      -1.144208155549      -3.066279144444       0.000000000000       0.000000000000
   5       0.000088142589      -0.023731194937      -0.013847241079      -4.929884901258      -1.256159225300      -1.442079294674       0.000000000000       0.000000000000
   6       0.039803559736       0.000133850578       0.000064161393      -1.144208155549      -3.066279144444      -0.021331154164       0.000000000000       0.000000000000
   7       0.000000000000       0.000000000000       0.000000000000       0.000000000000       0.000000000000       0.000000000000       0.000000000000       0.000000000000
   8       0.000000000000       0.000000000000       0.000000000000       0.000000000000       0.000000000000       0.000000000000       0.000000000000       0.000000000000
  

 
   1       0.051377333965      -0.004657148981      -0.002149098288       0.000003338312       0.000000000000       0.000000000000       0.000000000000       0.000000000000
   2      -0.004657148981      -0.002645938486      -0.001338167844      -0.000002622182       0.000000000000       0.000000000000       0.000000000000       0.000000000000
   3      -0.002149098288      -0.001338167844       0.002443173681       0.000003454268      -4.929884901258      -1.256159225300       0.000000000000       0.000000000000
   4       0.000003338312      -0.000002622182       0.000003454268       0.003401123445      -1.144208155549      -3.066279144444       0.000000000000       0.000000000000
   5      -0.001338167844       0.000005329933       0.000003454268      -4.929884901258      -1.256159225300      -1.442079294674       0.000000000000       0.000000000000
   6      -0.000002622182       0.001472728455       0.003401123445      -1.144208155549      -3.066279144444      -0.021331154164       0.000000000000       0.000000000000
   7       0.000000000000       0.000000000000       0.000000000000       0.000000000000       0.000000000000       0.000000000000       0.000000000000       0.000000000000
   8       0.000000000000       0.000000000000       0.000000000000       0.000000000000       0.000000000000       0.000000000000       0.000000000000       0.000000000000
  

 
   1       0.000067072045      -0.000001198084      -0.000010467825      -0.008907825999       0.000000000000       0.000000000000       0.000000000000       0.000000000000
   2      -0.000001198084      -0.000007321143       0.000035395612       0.016894667671       0.000000000000       0.000000000000       0.000000000000       0.000000000000
   3      -0.000010467825       0.000035395612      -0.000236300038      -0.150093764080      -4.929884901258      -1.256159225300       0.000000000000       0.000000000000
   4      -0.008907825999       0.016894667671      -0.150093764080       0.000416982505      -1.144208155549      -3.066279144444       0.000000000000       0.000000000000
   5       0.000035395612      -0.113481495130      -0.150093764080      -4.929884901258      -1.256159225300      -1.442079294674       0.000000000000       0.000000000000
   6       0.016894667671      -0.000276740232       0.000416982505      -1.144208155549      -3.066279144444      -0.021331154164       0.000000000000       0.000000000000
   7       0.000000000000       0.000000000000       0.000000000000       0.000000000000       0.000000000000       0.000000000000       0.000000000000       0.000000000000
   8       0.000000000000       0.000000000000       0.000000000000       0.000000000000       0.000000000000       0.000000000000       0.000000000000       0.000000000000
  

 
   1       0.453186911736       0.000893251843       0.004687145203      -0.000022324858       0.000000000000       0.000000000000       0.000000000000       0.000000000000
   2       0.000893251843       0.477604966947       0.003388716500       0.000031571599       0.000000000000       0.000000000000       0.000000000000       0.000000000000
   3       0.004687145203       0.003388716500       0.507739044898      -0.000337406321      -4.929884901258      -1.256159225300       0.000000000000       0.000000000000
   4      -0.000022324858       0.000031571599      -0.000337406321       0.498913196636      -1.144208155549      -3.066279144444       0.000000000000       0.000000000000
   5       0.003388716500       0.000594812581      -0.000337406321      -4.929884901258      -1.256159225300      -1.442079294674       0.000000000000       0.000000000000
   6       0.000031571599       0.048968031176       0.498913196636      -1.144208155549      -3.066279144444      -0.021331154164       0.000000000000       0.000000000000
   7       0.000000000000       0.000000000000       0.000000000000       0.000000000000       0.000000000000       0.000000000000       0.000000000000       0.000000000000
   8       0.000000000000       0.000000000000       0.000000000000       0.000000000000       0.000000000000       0.000000000000       0.000000000000       0.000000000000
  

 
   1       0.000835314950       0.000002905348       0.000017270062       0.000289289937       0.000000000000       0.000000000000       0.000000000000       0.000000000000
   2       0.000002905348       0.000924559569      -0.000009377892      -0.000659124613       0.000000000000       0.000000000000       0.000000000000       0.000000000000
   3       0.000017270062      -0.000009377892       0.001089232088       0.005136699253      -4.929884901258      -1.256159225300       0.000000000000       0.000000000000
   4       0.000289289937      -0.000659124613       0.005136699253       0.001032821711      -1.144208155549      -3.066279144444       0.000000000000       0.000000000000
   5      -0.000009377892       0.003847868015       0.005136699253      -4.929884901258      -1.256159225300      -1.442079294674       0.000000000000       0.000000000000
   6      -0.000659124613       0.000218993142       0.001032821711      -1.144208155549      -3.066279144444      -0.021331154164       0.000000000000       0.000000000000
   7       0.000000000000       0.000000000000       0.000000000000       0.000000000000       0.000000000000       0.000000000000       0.000000000000       0.000000000000
   8       0.000000000000       0.000000000000       0.000000000000       0.000000000000       0.000000000000       0.000000000000       0.000000000000       0.000000000000
  

 
   1       0.000181183184      -0.000003291840      -0.000007580626      -0.003284037138       0.000000000000       0.000000000000       0.000000000000       0.000000000000
   2      -0.000003291840       0.000087617693       0.000003846058      -0.026438913619       0.000000000000       0.000000000000       0.000000000000       0.000000000000
   3      -0.000007580626       0.000003846058       0.000081952727       0.037327199357      -4.929884901258      -1.256159225300       0.000000000000       0.000000000000
   4      -0.003284037138      -0.026438913619       0.037327199357      -0.000053781892      -1.144208155549      -3.066279144444       0.000000000000       0.000000000000
   5       0.000003846058       0.034849180582       0.037327199357      -4.929884901258      -1.256159225300      -1.442079294674       0.000000000000       0.000000000000
   6      -0.026438913619      -0.000141674321      -0.000053781892      -1.144208155549      -3.066279144444      -0.021331154164       0.000000000000       0.000000000000
   7       0.000000000000       0.000000000000       0.000000000000       0.000000000000       0.000000000000       0.000000000000       0.000000000000       0.000000000000
   8       0.000000000000       0.000000000000       0.000000000000       0.000000000000       0.000000000000       0.000000000000       0.000000000000       0.000000000000
  

 
   1      -0.000046804693       0.000000246782      -0.000000239534      -0.000009325987       0.000000000000       0.000000000000       0.000000000000       0.000000000000
   2       0.000000246782      -0.000038208202      -0.000004869659      -0.000005593486       0.000000000000       0.000000000000       0.000000000000       0.000000000000
   3      -0.000000239534      -0.000004869659      -0.000035092973      -0.000088101655      -4.929884901258      -1.256159225300       0.000000000000       0.000000000000
   4      -0.000009325987      -0.000005593486      -0.000088101655      -0.000035089488      -1.144208155549      -3.066279144444       0.000000000000       0.000000000000
   5      -0.000004869659      -0.000062696080      -0.000088101655      -4.929884901258      -1.256159225300      -1.442079294674       0.000000000000       0.000000000000
   6      -0.000005593486       0.000122299954      -0.000035089488      -1.144208155549      -3.066279144444      -0.021331154164       0.000000000000       0.000000000000
   7       0.000000000000       0.000000000000       0.000000000000       0.000000000000       0.000000000000       0.000000000000       0.000000000000       0.000000000000
   8       0.000000000000       0.000000000000       0.000000000000       0.000000000000       0.000000000000       0.000000000000       0.000000000000       0.000000000000
  

 
   1       0.000146625418       0.000000670269       0.000006522831      -0.001820305444       0.000000000000       0.000000000000       0.000000000000       0.000000000000
   2       0.000000670269       0.000113933058       0.000044462453      -0.015260268319       0.000000000000       0.000000000000       0.000000000000       0.000000000000
   3       0.000006522831       0.000044462453       0.000102324970       0.021005080073      -4.929884901258      -1.256159225300       0.000000000000       0.000000000000
   4      -0.001820305444      -0.015260268319       0.021005080073      -0.000006699914      -1.144208155549      -3.066279144444       0.000000000000       0.000000000000
   5       0.000044462453       0.028338389762       0.021005080073      -4.929884901258      -1.256159225300      -1.442079294674       0.000000000000       0.000000000000
   6      -0.015260268319      -0.000067908127      -0.000006699914      -1.144208155549      -3.066279144444      -0.021331154164       0.000000000000       0.000000000000
   7       0.000000000000       0.000000000000       0.000000000000       0.000000000000       0.000000000000       0.000000000000       0.000000000000       0.000000000000
   8       0.000000000000       0.000000000000       0.000000000000       0.000000000000       0.000000000000       0.000000000000       0.000000000000       0.000000000000
  

 
   1      -0.131090349824       0.001194104309       0.000601463739       0.000010469391       0.000000000000       0.000000000000       0.000000000000       0.000000000000
   2       0.001194104309      -0.074015931384      -0.033875585719       0.000074171897       0.000000000000       0.000000000000       0.000000000000       0.000000000000
   3       0.000601463739      -0.033875585719      -0.020810088303      -0.000063873407      -4.929884901258      -1.256159225300       0.000000000000       0.000000000000
   4       0.000010469391       0.000074171897      -0.000063873407      -0.040094561839      -1.144208155549      -3.066279144444       0.000000000000       0.000000000000
   5      -0.033875585719      -0.000062256236      -0.000063873407      -4.929884901258      -1.256159225300      -1.442079294674       0.000000000000       0.000000000000
   6       0.000074171897       0.064523723063      -0.040094561839      -1.144208155549      -3.066279144444      -0.021331154164       0.000000000000       0.000000000000
   7       0.000000000000       0.000000000000       0.000000000000       0.000000000000       0.000000000000       0.000000000000       0.000000000000       0.000000000000
   8       0.000000000000       0.000000000000       0.000000000000       0.000000000000       0.000000000000       0.000000000000       0.000000000000       0.000000000000
  

 
   1       0.000067738822      -0.000005873690      -0.000003524848      -0.000778899386       0.000000000000       0.000000000000       0.000000000000       0.000000000000
   2      -0.000005873690      -0.000000251099       0.000004662084       0.003404062272       0.000000000000       0.000000000000       0.000000000000       0.000000000000
   3      -0.000003524848       0.000004662084      -0.000001472239      -0.003456578873      -4.929884901258      -1.256159225300       0.000000000000       0.000000000000
   4      -0.000778899386       0.003404062272      -0.003456578873       0.000014111502      -1.144208155549      -3.066279144444       0.000000000000       0.000000000000
   5       0.000004662084      -0.003615976749      -0.003456578873      -4.929884901258      -1.256159225300      -1.442079294674       0.000000000000       0.000000000000
   6       0.003404062272       0.000010623997       0.000014111502      -1.144208155549      -3.066279144444      -0.021331154164       0.000000000000       0.000000000000
   7       0.000000000000       0.000000000000       0.000000000000       0.000000000000       0.000000000000       0.000000000000       0.000000000000       0.000000000000
   8       0.000000000000       0.000000000000       0.000000000000       0.000000000000       0.000000000000       0.000000000000       0.000000000000       0.000000000000
  

 
   1      -0.008147162300      -0.000039419884      -0.000231116768      -0.000029828983       0.000000000000       0.000000000000       0.000000000000       0.000000000000
   2      -0.000039419884      -0.008853711351      -0.000537475195       0.000062574130       0.000000000000       0.000000000000       0.000000000000       0.000000000000
   3      -0.000231116768      -0.000537475195      -0.009957671383      -0.000499505025      -4.929884901258      -1.256159225300       0.000000000000       0.000000000000
   4      -0.000029828983       0.000062574130      -0.000499505025      -0.009310506095      -1.144208155549      -3.066279144444       0.000000000000       0.000000000000
   5      -0.000537475195      -0.000479430891      -0.000499505025      -4.929884901258      -1.256159225300      -1.442079294674       0.000000000000       0.000000000000
   6       0.000062574130      -0.001626746389      -0.009310506095      -1.144208155549      -3.066279144444      -0.021331154164       0.000000000000       0.000000000000
   7       0.000000000000       0.000000000000       0.000000000000       0.000000000000       0.000000000000       0.000000000000       0.000000000000       0.000000000000
   8       0.000000000000       0.000000000000       0.000000000000       0.000000000000       0.000000000000       0.000000000000       0.000000000000       0.000000000000
  

 
   1       0.000835314950       0.000002905348       0.000017270062       0.000289289937       0.000000000000       0.000000000000       0.000000000000       0.000000000000
   2       0.000002905348       0.000924559569      -0.000009377892      -0.000659124613       0.000000000000       0.000000000000       0.000000000000       0.000000000000
   3       0.000017270062      -0.000009377892       0.001089232088       0.005136699253      -4.929884901258      -1.256159225300       0.000000000000       0.000000000000
   4       0.000289289937      -0.000659124613       0.005136699253       0.001032821711      -1.144208155549      -3.066279144444       0.000000000000       0.000000000000
   5      -0.000009377892       0.003847868015       0.005136699253      -4.929884901258      -1.256159225300      -1.442079294674       0.000000000000       0.000000000000
   6      -0.000659124613       0.000218993142       0.001032821711      -1.144208155549      -3.066279144444      -0.021331154164       0.000000000000       0.000000000000
   7       0.000000000000       0.000000000000       0.000000000000       0.000000000000       0.000000000000       0.000000000000       0.000000000000       0.000000000000
   8       0.000000000000       0.000000000000       0.000000000000       0.000000000000       0.000000000000       0.000000000000       0.000000000000       0.000000000000
  

 
   1       0.209827671543       0.000030992842      -0.000000709407       0.000095435317       0.000000000000       0.000000000000       0.000000000000       0.000000000000
   2       0.000030992842       0.208134767768       0.005431405441       0.000010668893       0.000000000000       0.000000000000       0.000000000000       0.000000000000
   3      -0.000000709407       0.005431405441       0.196571028498       0.001384761651      -4.929884901258      -1.256159225300       0.000000000000       0.000000000000
   4       0.000095435317       0.000010668893       0.001384761651       0.197535553419      -1.144208155549      -3.066279144444       0.000000000000       0.000000000000
   5       0.005431405441      -0.002086182446       0.001384761651      -4.929884901258      -1.256159225300      -1.442079294674       0.000000000000       0.000000000000
   6       0.000010668893      -0.008315584747       0.197535553419      -1.144208155549      -3.066279144444      -0.021331154164       0.000000000000       0.000000000000
   7       0.000000000000       0.000000000000       0.000000000000       0.000000000000       0.000000000000       0.000000000000       0.000000000000       0.000000000000
   8       0.000000000000       0.000000000000       0.000000000000       0.000000000000       0.000000000000       0.000000000000       0.000000000000       0.000000000000
  

 
   1      -0.000737034490      -0.000015284699      -0.000141802068      -0.000017399716       0.000000000000       0.000000000000       0.000000000000       0.000000000000
   2      -0.000015284699       0.000065994263      -0.001113643052      -0.000106155852       0.000000000000       0.000000000000       0.000000000000       0.000000000000
   3      -0.000141802068      -0.001113643052       0.001047948084       0.000120731741      -4.929884901258      -1.256159225300       0.000000000000       0.000000000000
   4      -0.000017399716      -0.000106155852       0.000120731741       0.001110853230      -1.144208155549      -3.066279144444       0.000000000000       0.000000000000
   5      -0.001113643052       0.000120894113       0.000120731741      -4.929884901258      -1.256159225300      -1.442079294674       0.000000000000       0.000000000000
   6      -0.000106155852       0.001218101266       0.001110853230      -1.144208155549      -3.066279144444      -0.021331154164       0.000000000000       0.000000000000
   7       0.000000000000       0.000000000000       0.000000000000       0.000000000000       0.000000000000       0.000000000000       0.000000000000       0.000000000000
   8       0.000000000000       0.000000000000       0.000000000000       0.000000000000       0.000000000000       0.000000000000       0.000000000000       0.000000000000
  

 
   1       0.023303163041      -0.000275247398      -0.000117792088       0.000000255437       0.000000000000       0.000000000000       0.000000000000       0.000000000000
   2      -0.000275247398       0.014641210533       0.003559303870       0.000005333705       0.000000000000       0.000000000000       0.000000000000       0.000000000000
   3      -0.000117792088       0.003559303870       0.010480877415      -0.000018947508      -4.929884901258      -1.256159225300       0.000000000000       0.000000000000
   4       0.000000255437       0.000005333705      -0.000018947508       0.011443563115      -1.144208155549      -3.066279144444       0.000000000000       0.000000000000
   5       0.003559303870       0.000125201217      -0.000018947508      -4.929884901258      -1.256159225300      -1.442079294674       0.000000000000       0.000000000000
   6       0.000005333705      -0.004640255934       0.011443563115      -1.144208155549      -3.066279144444      -0.021331154164       0.000000000000       0.000000000000
   7       0.000000000000       0.000000000000       0.000000000000       0.000000000000       0.000000000000       0.000000000000       0.000000000000       0.000000000000
   8       0.000000000000       0.000000000000       0.000000000000       0.000000000000       0.000000000000       0.000000000000       0.000000000000       0.000000000000
  

 
   1      -0.009344674869       0.000045947829      -0.000205597689      -0.000008247322       0.000000000000       0.000000000000       0.000000000000       0.000000000000
   2       0.000045947829      -0.006210468930      -0.002721175547      -0.000058242009       0.000000000000       0.000000000000       0.000000000000       0.000000000000
   3      -0.000205597689      -0.002721175547      -0.004298167513       0.000073581690      -4.929884901258      -1.256159225300       0.000000000000       0.000000000000
   4      -0.000008247322      -0.000058242009       0.000073581690      -0.003727128289      -1.144208155549      -3.066279144444       0.000000000000       0.000000000000
   5      -0.002721175547       0.000047431209       0.000073581690      -4.929884901258      -1.256159225300      -1.442079294674       0.000000000000       0.000000000000
   6      -0.000058242009       0.002269263156      -0.003727128289      -1.144208155549      -3.066279144444      -0.021331154164       0.000000000000       0.000000000000
   7       0.000000000000       0.000000000000       0.000000000000       0.000000000000       0.000000000000       0.000000000000       0.000000000000       0.000000000000
   8       0.000000000000       0.000000000000       0.000000000000       0.000000000000       0.000000000000       0.000000000000       0.000000000000       0.000000000000
  

 
   1      -0.000601987742       0.000006545645       0.000002680305      -0.000209401247       0.000000000000       0.000000000000       0.000000000000       0.000000000000
   2       0.000006545645      -0.000332182647      -0.000143108832      -0.001028817419       0.000000000000       0.000000000000       0.000000000000       0.000000000000
   3       0.000002680305      -0.000143108832      -0.000121252675       0.000508437871      -4.929884901258      -1.256159225300       0.000000000000       0.000000000000
   4      -0.000209401247      -0.001028817419       0.000508437871      -0.000205803229      -1.144208155549      -3.066279144444       0.000000000000       0.000000000000
   5      -0.000143108832       0.000953875844       0.000508437871      -4.929884901258      -1.256159225300      -1.442079294674       0.000000000000       0.000000000000
   6      -0.001028817419       0.000244760588      -0.000205803229      -1.144208155549      -3.066279144444      -0.021331154164       0.000000000000       0.000000000000
   7       0.000000000000       0.000000000000       0.000000000000       0.000000000000       0.000000000000       0.000000000000       0.000000000000       0.000000000000
   8       0.000000000000       0.000000000000       0.000000000000       0.000000000000       0.000000000000       0.000000000000       0.000000000000       0.000000000000
  

 
   1      -0.001206279170       0.000090812284      -0.000033497056      -0.000005791367       0.000000000000       0.000000000000       0.000000000000       0.000000000000
   2       0.000090812284       0.000017914273       0.000057702382       0.000010996798       0.000000000000       0.000000000000       0.000000000000       0.000000000000
   3      -0.000033497056       0.000057702382      -0.000128994403      -0.000012340426      -4.929884901258      -1.256159225300       0.000000000000       0.000000000000
   4      -0.000005791367       0.000010996798      -0.000012340426      -0.000153194940      -1.144208155549      -3.066279144444       0.000000000000       0.000000000000
   5       0.000057702382      -0.000013606554      -0.000012340426      -4.929884901258      -1.256159225300      -1.442079294674       0.000000000000       0.000000000000
   6       0.000010996798      -0.000048935267      -0.000153194940      -1.144208155549      -3.066279144444      -0.021331154164       0.000000000000       0.000000000000
   7       0.000000000000       0.000000000000       0.000000000000       0.000000000000       0.000000000000       0.000000000000       0.000000000000       0.000000000000
   8       0.000000000000       0.000000000000       0.000000000000       0.000000000000       0.000000000000       0.000000000000       0.000000000000       0.000000000000
  

 
   1       0.164678609086      -0.002387384271      -0.002716376814       0.000006405317       0.000000000000       0.000000000000       0.000000000000       0.000000000000
   2      -0.002387384271       0.079213400114       0.036275137498      -0.000009005449       0.000000000000       0.000000000000       0.000000000000       0.000000000000
   3      -0.002716376814       0.036275137498       0.021836040107       0.000029573930      -4.929884901258      -1.256159225300       0.000000000000       0.000000000000
   4       0.000006405317      -0.000009005449       0.000029573930       0.040628994081      -1.144208155549      -3.066279144444       0.000000000000       0.000000000000
   5       0.036275137498      -0.000006412089       0.000029573930      -4.929884901258      -1.256159225300      -1.442079294674       0.000000000000       0.000000000000
   6      -0.000009005449      -0.072071571917       0.040628994081      -1.144208155549      -3.066279144444      -0.021331154164       0.000000000000       0.000000000000
   7       0.000000000000       0.000000000000       0.000000000000       0.000000000000       0.000000000000       0.000000000000       0.000000000000       0.000000000000
   8       0.000000000000       0.000000000000       0.000000000000       0.000000000000       0.000000000000       0.000000000000       0.000000000000       0.000000000000
  

 
   1       0.000181183184      -0.000003291840      -0.000007580626      -0.003284037138       0.000000000000       0.000000000000       0.000000000000       0.000000000000
   2      -0.000003291840       0.000087617693       0.000003846058      -0.026438913619       0.000000000000       0.000000000000       0.000000000000       0.000000000000
   3      -0.000007580626       0.000003846058       0.000081952727       0.037327199357      -4.929884901258      -1.256159225300       0.000000000000       0.000000000000
   4      -0.003284037138      -0.026438913619       0.037327199357      -0.000053781892      -1.144208155549      -3.066279144444       0.000000000000       0.000000000000
   5       0.000003846058       0.034849180582       0.037327199357      -4.929884901258      -1.256159225300      -1.442079294674       0.000000000000       0.000000000000
   6      -0.026438913619      -0.000141674321      -0.000053781892      -1.144208155549      -3.066279144444      -0.021331154164       0.000000000000       0.000000000000
   7       0.000000000000       0.000000000000       0.000000000000       0.000000000000       0.000000000000       0.000000000000       0.000000000000       0.000000000000
   8       0.000000000000       0.000000000000       0.000000000000       0.000000000000       0.000000000000       0.000000000000       0.000000000000       0.000000000000
  

 
   1      -0.000737034490      -0.000015284699      -0.000141802068      -0.000017399716       0.000000000000       0.000000000000       0.000000000000       0.000000000000
   2      -0.000015284699       0.000065994263      -0.001113643052      -0.000106155852       0.000000000000       0.000000000000       0.000000000000       0.000000000000
   3      -0.000141802068      -0.001113643052       0.001047948084       0.000120731741      -4.929884901258      -1.256159225300       0.000000000000       0.000000000000
   4      -0.000017399716      -0.000106155852       0.000120731741       0.001110853230      -1.144208155549      -3.066279144444       0.000000000000       0.000000000000
   5      -0.001113643052       0.000120894113       0.000120731741      -4.929884901258      -1.256159225300      -1.442079294674       0.000000000000       0.000000000000
   6      -0.000106155852       0.001218101266       0.001110853230      -1.144208155549      -3.066279144444      -0.021331154164       0.000000000000       0.000000000000
   7       0.000000000000       0.000000000000       0.000000000000       0.000000000000       0.000000000000       0.000000000000       0.000000000000       0.000000000000
   8       0.000000000000       0.000000000000       0.000000000000       0.000000000000       0.000000000000       0.000000000000       0.000000000000       0.000000000000
  

 
   1       1.066038513962      -0.013683134400      -0.019680920704       0.000021976510       0.000000000000       0.000000000000       0.000000000000       0.000000000000
   2      -0.013683134400       0.696833425750       0.085817022730      -0.000077793424       0.000000000000       0.000000000000       0.000000000000       0.000000000000
   3      -0.019680920704       0.085817022730       0.549749406498       0.000190441941      -4.929884901258      -1.256159225300       0.000000000000       0.000000000000
   4       0.000021976510      -0.000077793424       0.000190441941       0.627557837474      -1.144208155549      -3.066279144444       0.000000000000       0.000000000000
   5       0.085817022730       0.000628376820       0.000190441941      -4.929884901258      -1.256159225300      -1.442079294674       0.000000000000       0.000000000000
   6      -0.000077793424      -0.195709983944       0.627557837474      -1.144208155549      -3.066279144444      -0.021331154164       0.000000000000       0.000000000000
   7       0.000000000000       0.000000000000       0.000000000000       0.000000000000       0.000000000000       0.000000000000       0.000000000000       0.000000000000
   8       0.000000000000       0.000000000000       0.000000000000       0.000000000000       0.000000000000       0.000000000000       0.000000000000       0.000000000000
  

 
   1      -0.000010564545       0.000013892236       0.000000463457      -0.000000343851       0.000000000000       0.000000000000       0.000000000000       0.000000000000
   2       0.000013892236       0.000087239535      -0.000003246077      -0.000001235623       0.000000000000       0.000000000000       0.000000000000       0.000000000000
   3       0.000000463457      -0.000003246077      -0.000033626248      -0.000002870184      -4.929884901258      -1.256159225300       0.000000000000       0.000000000000
   4      -0.000000343851      -0.000001235623      -0.000002870184      -0.000025234319      -1.144208155549      -3.066279144444       0.000000000000       0.000000000000
   5      -0.000003246077      -0.000626486724      -0.000002870184      -4.929884901258      -1.256159225300      -1.442079294674       0.000000000000       0.000000000000
   6      -0.000001235623       0.000008595555      -0.000025234319      -1.144208155549      -3.066279144444      -0.021331154164       0.000000000000       0.000000000000
   7       0.000000000000       0.000000000000       0.000000000000       0.000000000000       0.000000000000       0.000000000000       0.000000000000       0.000000000000
   8       0.000000000000       0.000000000000       0.000000000000       0.000000000000       0.000000000000       0.000000000000       0.000000000000       0.000000000000
  

 
   1      -0.001489482009       0.005529091333       0.024009984797      -0.000020276125       0.000000000000       0.000000000000       0.000000000000       0.000000000000
   2       0.005529091333       0.042766010648       0.063781092109      -0.000050358492       0.000000000000       0.000000000000       0.000000000000       0.000000000000
   3       0.024009984797       0.063781092109       0.061835009293      -0.000071165891      -4.929884901258      -1.256159225300       0.000000000000       0.000000000000
   4      -0.000020276125      -0.000050358492      -0.000071165891       0.012616764980      -1.144208155549      -3.066279144444       0.000000000000       0.000000000000
   5       0.063781092109       0.000495775987      -0.000071165891      -4.929884901258      -1.256159225300      -1.442079294674       0.000000000000       0.000000000000
   6      -0.000050358492       0.027494785389       0.012616764980      -1.144208155549      -3.066279144444      -0.021331154164       0.000000000000       0.000000000000
   7       0.000000000000       0.000000000000       0.000000000000       0.000000000000       0.000000000000       0.000000000000       0.000000000000       0.000000000000
   8       0.000000000000       0.000000000000       0.000000000000       0.000000000000       0.000000000000       0.000000000000       0.000000000000       0.000000000000
  

 
   1       0.000012318028       0.000004217955       0.000046040651       0.034218385160       0.000000000000       0.000000000000       0.000000000000       0.000000000000
   2       0.000004217955       0.000056395551       0.000126019984       0.084026735956       0.000000000000       0.000000000000       0.000000000000       0.000000000000
   3       0.000046040651       0.000126019984       0.000115382980       0.054564187119      -4.929884901258      -1.256159225300       0.000000000000       0.000000000000
   4       0.034218385160       0.084026735956       0.054564187119      -0.000157214487      -1.144208155549      -3.066279144444       0.000000000000       0.000000000000
   5       0.000126019984       0.021035171330       0.054564187119      -4.929884901258      -1.256159225300      -1.442079294674       0.000000000000       0.000000000000
   6       0.084026735956       0.000625334916      -0.000157214487      -1.144208155549      -3.066279144444      -0.021331154164       0.000000000000       0.000000000000
   7       0.000000000000       0.000000000000       0.000000000000       0.000000000000       0.000000000000       0.000000000000       0.000000000000       0.000000000000
   8       0.000000000000       0.000000000000       0.000000000000       0.000000000000       0.000000000000       0.000000000000       0.000000000000       0.000000000000
  

 
   1       0.310141876652      -0.023072713771      -0.013178578729       0.000016588437       0.000000000000       0.000000000000       0.000000000000       0.000000000000
   2      -0.023072713771       0.038919328553       0.019374192681      -0.000018554003       0.000000000000       0.000000000000       0.000000000000       0.000000000000
   3      -0.013178578729       0.019374192681       0.029637511043       0.000019754555      -4.929884901258      -1.256159225300       0.000000000000       0.000000000000
   4       0.000016588437      -0.000018554003       0.000019754555       0.035846499243      -1.144208155549      -3.066279144444       0.000000000000       0.000000000000
   5       0.019374192681       0.000076902010       0.000019754555      -4.929884901258      -1.256159225300      -1.442079294674       0.000000000000       0.000000000000
   6      -0.000018554003      -0.025038517395       0.035846499243      -1.144208155549      -3.066279144444      -0.021331154164       0.000000000000       0.000000000000
   7       0.000000000000       0.000000000000       0.000000000000       0.000000000000       0.000000000000       0.000000000000       0.000000000000       0.000000000000
   8       0.000000000000       0.000000000000       0.000000000000       0.000000000000       0.000000000000       0.000000000000       0.000000000000       0.000000000000
  

 
   1       0.000516555191       0.000002091843       0.000004828207       0.000000430456       0.000000000000       0.000000000000       0.000000000000       0.000000000000
   2       0.000002091843       0.000460195713       0.000076091907      -0.000002170284       0.000000000000       0.000000000000       0.000000000000       0.000000000000
   3       0.000004828207       0.000076091907       0.000351915387       0.000008779582      -4.929884901258      -1.256159225300       0.000000000000       0.000000000000
   4       0.000000430456      -0.000002170284       0.000008779582       0.000355425095      -1.144208155549      -3.066279144444       0.000000000000       0.000000000000
   5       0.000076091907      -0.000275812794       0.000008779582      -4.929884901258      -1.256159225300      -1.442079294674       0.000000000000       0.000000000000
   6      -0.000002170284      -0.000041989962       0.000355425095      -1.144208155549      -3.066279144444      -0.021331154164       0.000000000000       0.000000000000
   7       0.000000000000       0.000000000000       0.000000000000       0.000000000000       0.000000000000       0.000000000000       0.000000000000       0.000000000000
   8       0.000000000000       0.000000000000       0.000000000000       0.000000000000       0.000000000000       0.000000000000       0.000000000000       0.000000000000
  

 
   1      -0.000046804693       0.000000246782      -0.000000239534      -0.000009325987       0.000000000000       0.000000000000       0.000000000000       0.000000000000
   2       0.000000246782      -0.000038208202      -0.000004869659      -0.000005593486       0.000000000000       0.000000000000       0.000000000000       0.000000000000
   3      -0.000000239534      -0.000004869659      -0.000035092973      -0.000088101655      -4.929884901258      -1.256159225300       0.000000000000       0.000000000000
   4      -0.000009325987      -0.000005593486      -0.000088101655      -0.000035089488      -1.144208155549      -3.066279144444       0.000000000000       0.000000000000
   5      -0.000004869659      -0.000062696080      -0.000088101655      -4.929884901258      -1.256159225300      -1.442079294674       0.000000000000       0.000000000000
   6      -0.000005593486       0.000122299954      -0.000035089488      -1.144208155549      -3.066279144444      -0.021331154164       0.000000000000       0.000000000000
   7       0.000000000000       0.000000000000       0.000000000000       0.000000000000       0.000000000000       0.000000000000       0.000000000000       0.000000000000
   8       0.000000000000       0.000000000000       0.000000000000       0.000000000000       0.000000000000       0.000000000000       0.000000000000       0.000000000000
  

 
   1       0.023303163041      -0.000275247398      -0.000117792088       0.000000255437       0.000000000000       0.000000000000       0.000000000000       0.000000000000
   2      -0.000275247398       0.014641210533       0.003559303870       0.000005333705       0.000000000000       0.000000000000       0.000000000000       0.000000000000
   3      -0.000117792088       0.003559303870       0.010480877415      -0.000018947508      -4.929884901258      -1.256159225300       0.000000000000       0.000000000000
   4       0.000000255437       0.000005333705      -0.000018947508       0.011443563115      -1.144208155549      -3.066279144444       0.000000000000       0.000000000000
   5       0.003559303870       0.000125201217      -0.000018947508      -4.929884901258      -1.256159225300      -1.442079294674       0.000000000000       0.000000000000
   6       0.000005333705      -0.004640255934       0.011443563115      -1.144208155549      -3.066279144444      -0.021331154164       0.000000000000       0.000000000000
   7       0.000000000000       0.000000000000       0.000000000000       0.000000000000       0.000000000000       0.000000000000       0.000000000000       0.000000000000
   8       0.000000000000       0.000000000000       0.000000000000       0.000000000000       0.000000000000       0.000000000000       0.000000000000       0.000000000000
  

 
   1      -0.000010564545       0.000013892236       0.000000463457      -0.000000343851       0.000000000000       0.000000000000       0.000000000000       0.000000000000
   2       0.000013892236       0.000087239535      -0.000003246077      -0.000001235623       0.000000000000       0.000000000000       0.000000000000       0.000000000000
   3       0.000000463457      -0.000003246077      -0.000033626248      -0.000002870184      -4.929884901258      -1.256159225300       0.000000000000       0.000000000000
   4      -0.000000343851      -0.000001235623      -0.000002870184      -0.000025234319      -1.144208155549      -3.066279144444       0.000000000000       0.000000000000
   5      -0.000003246077      -0.000626486724      -0.000002870184      -4.929884901258      -1.256159225300      -1.442079294674       0.000000000000       0.000000000000
   6      -0.000001235623       0.000008595555      -0.000025234319      -1.144208155549      -3.066279144444      -0.021331154164       0.000000000000       0.000000000000
   7       0.000000000000       0.000000000000       0.000000000000       0.000000000000       0.000000000000       0.000000000000       0.000000000000       0.000000000000
   8       0.000000000000       0.000000000000       0.000000000000       0.000000000000       0.000000000000       0.000000000000       0.000000000000       0.000000000000
  

 
   1       1.114832268964      -0.011836123407      -0.005043000230       0.000006498158       0.000000000000       0.000000000000       0.000000000000       0.000000000000
   2      -0.011836123407       0.748712275688       0.145616951625      -0.000140372069       0.000000000000       0.000000000000       0.000000000000       0.000000000000
   3      -0.005043000230       0.145616951625       0.580668405538       0.000141627731      -4.929884901258      -1.256159225300       0.000000000000       0.000000000000
   4       0.000006498158      -0.000140372069       0.000141627731       0.619656560836      -1.144208155549      -3.066279144444       0.000000000000       0.000000000000
   5       0.145616951625       0.000991282863       0.000141627731      -4.929884901258      -1.256159225300      -1.442079294674       0.000000000000       0.000000000000
   6      -0.000140372069      -0.190444634890       0.619656560836      -1.144208155549      -3.066279144444      -0.021331154164       0.000000000000       0.000000000000
   7       0.000000000000       0.000000000000       0.000000000000       0.000000000000       0.000000000000       0.000000000000       0.000000000000       0.000000000000
   8       0.000000000000       0.000000000000       0.000000000000       0.000000000000       0.000000000000       0.000000000000       0.000000000000       0.000000000000
  

 
   1       0.000234770926       0.000005841058       0.000016675656      -0.000000105583       0.000000000000       0.000000000000       0.000000000000       0.000000000000
   2       0.000005841058       0.000216287786       0.000091992954      -0.000000626205       0.000000000000       0.000000000000       0.000000000000       0.000000000000
   3       0.000016675656       0.000091992954       0.000140743144      -0.000001999508      -4.929884901258      -1.256159225300       0.000000000000       0.000000000000
   4      -0.000000105583      -0.000000626205      -0.000001999508       0.000105309560      -1.144208155549      -3.066279144444       0.000000000000       0.000000000000
   5       0.000091992954      -0.000720270764      -0.000001999508      -4.929884901258      -1.256159225300      -1.442079294674       0.000000000000       0.000000000000
   6      -0.000000626205      -0.000019131349       0.000105309560      -1.144208155549      -3.066279144444      -0.021331154164       0.000000000000       0.000000000000
   7       0.000000000000       0.000000000000       0.000000000000       0.000000000000       0.000000000000       0.000000000000       0.000000000000       0.000000000000
   8       0.000000000000       0.000000000000       0.000000000000       0.000000000000       0.000000000000       0.000000000000       0.000000000000       0.000000000000
  

 
   1       0.000012312903      -0.000000179447      -0.000000098342       0.000019428102       0.000000000000       0.000000000000       0.000000000000       0.000000000000
   2      -0.000000179447       0.000006397769       0.000002380753       0.000055391092       0.000000000000       0.000000000000       0.000000000000       0.000000000000
   3      -0.000000098342       0.000002380753       0.000002285527       0.000020274755      -4.929884901258      -1.256159225300       0.000000000000       0.000000000000
   4       0.000019428102       0.000055391092       0.000020274755       0.000002699595      -1.144208155549      -3.066279144444       0.000000000000       0.000000000000
   5       0.000002380753       0.000000317487       0.000020274755      -4.929884901258      -1.256159225300      -1.442079294674       0.000000000000       0.000000000000
   6       0.000055391092      -0.000588656652       0.000002699595      -1.144208155549      -3.066279144444      -0.021331154164       0.000000000000       0.000000000000
   7       0.000000000000       0.000000000000       0.000000000000       0.000000000000       0.000000000000       0.000000000000       0.000000000000       0.000000000000
   8       0.000000000000       0.000000000000       0.000000000000       0.000000000000       0.000000000000       0.000000000000       0.000000000000       0.000000000000
  

 
   1       0.000186374817      -0.000007828736      -0.000003057678      -0.000000111428       0.000000000000       0.000000000000       0.000000000000       0.000000000000
   2      -0.000007828736       0.000013947905       0.000012181522       0.000000006252       0.000000000000       0.000000000000       0.000000000000       0.000000000000
   3      -0.000003057678       0.000012181522       0.000016688694       0.000000232627      -4.929884901258      -1.256159225300       0.000000000000       0.000000000000
   4      -0.000000111428       0.000000006252       0.000000232627       0.000018810909      -1.144208155549      -3.066279144444       0.000000000000       0.000000000000
   5       0.000012181522      -0.000006265970       0.000000232627      -4.929884901258      -1.256159225300      -1.442079294674       0.000000000000       0.000000000000
   6       0.000000006252      -0.000015507693       0.000018810909      -1.144208155549      -3.066279144444      -0.021331154164       0.000000000000       0.000000000000
   7       0.000000000000       0.000000000000       0.000000000000       0.000000000000       0.000000000000       0.000000000000       0.000000000000       0.000000000000
   8       0.000000000000       0.000000000000       0.000000000000       0.000000000000       0.000000000000       0.000000000000       0.000000000000       0.000000000000
  

 
   1       0.116989258097       0.000933668084       0.007542864366      -0.000004640635       0.000000000000       0.000000000000       0.000000000000       0.000000000000
   2       0.000933668084       0.090295970900       0.058039844706      -0.000035632692       0.000000000000       0.000000000000       0.000000000000       0.000000000000
   3       0.007542864366       0.058039844706       0.055155002955      -0.000020381019      -4.929884901258      -1.256159225300       0.000000000000       0.000000000000
   4      -0.000004640635      -0.000035632692      -0.000020381019       0.036481636802      -1.144208155549      -3.066279144444       0.000000000000       0.000000000000
   5       0.058039844706       0.000241195688      -0.000020381019      -4.929884901258      -1.256159225300      -1.442079294674       0.000000000000       0.000000000000
   6      -0.000035632692      -0.035157989423       0.036481636802      -1.144208155549      -3.066279144444      -0.021331154164       0.000000000000       0.000000000000
   7       0.000000000000       0.000000000000       0.000000000000       0.000000000000       0.000000000000       0.000000000000       0.000000000000       0.000000000000
   8       0.000000000000       0.000000000000       0.000000000000       0.000000000000       0.000000000000       0.000000000000       0.000000000000       0.000000000000
  

 
   1       0.000146625418       0.000000670269       0.000006522831      -0.001820305444       0.000000000000       0.000000000000       0.000000000000       0.000000000000
   2       0.000000670269       0.000113933058       0.000044462453      -0.015260268319       0.000000000000       0.000000000000       0.000000000000       0.000000000000
   3       0.000006522831       0.000044462453       0.000102324970       0.021005080073      -4.929884901258      -1.256159225300       0.000000000000       0.000000000000
   4      -0.001820305444      -0.015260268319       0.021005080073      -0.000006699914      -1.144208155549      -3.066279144444       0.000000000000       0.000000000000
   5       0.000044462453       0.028338389762       0.021005080073      -4.929884901258      -1.256159225300      -1.442079294674       0.000000000000       0.000000000000
   6      -0.015260268319      -0.000067908127      -0.000006699914      -1.144208155549      -3.066279144444      -0.021331154164       0.000000000000       0.000000000000
   7       0.000000000000       0.000000000000       0.000000000000       0.000000000000       0.000000000000       0.000000000000       0.000000000000       0.000000000000
   8       0.000000000000       0.000000000000       0.000000000000       0.000000000000       0.000000000000       0.000000000000       0.000000000000       0.000000000000
  

 
   1      -0.009344674869       0.000045947829      -0.000205597689      -0.000008247322       0.000000000000       0.000000000000       0.000000000000       0.000000000000
   2       0.000045947829      -0.006210468930      -0.002721175547      -0.000058242009       0.000000000000       0.000000000000       0.000000000000       0.000000000000
   3      -0.000205597689      -0.002721175547      -0.004298167513       0.000073581690      -4.929884901258      -1.256159225300       0.000000000000       0.000000000000
   4      -0.000008247322      -0.000058242009       0.000073581690      -0.003727128289      -1.144208155549      -3.066279144444       0.000000000000       0.000000000000
   5      -0.002721175547       0.000047431209       0.000073581690      -4.929884901258      -1.256159225300      -1.442079294674       0.000000000000       0.000000000000
   6      -0.000058242009       0.002269263156      -0.003727128289      -1.144208155549      -3.066279144444      -0.021331154164       0.000000000000       0.000000000000
   7       0.000000000000       0.000000000000       0.000000000000       0.000000000000       0.000000000000       0.000000000000       0.000000000000       0.000000000000
   8       0.000000000000       0.000000000000       0.000000000000       0.000000000000       0.000000000000       0.000000000000       0.000000000000       0.000000000000
  

 
   1      -0.001489482009       0.005529091333       0.024009984797      -0.000020276125       0.000000000000       0.000000000000       0.000000000000       0.000000000000
   2       0.005529091333       0.042766010648       0.063781092109      -0.000050358492       0.000000000000       0.000000000000       0.000000000000       0.000000000000
   3       0.024009984797       0.063781092109       0.061835009293      -0.000071165891      -4.929884901258      -1.256159225300       0.000000000000       0.000000000000
   4      -0.000020276125      -0.000050358492      -0.000071165891       0.012616764980      -1.144208155549      -3.066279144444       0.000000000000       0.000000000000
   5       0.063781092109       0.000495775987      -0.000071165891      -4.929884901258      -1.256159225300      -1.442079294674       0.000000000000       0.000000000000
   6      -0.000050358492       0.027494785389       0.012616764980      -1.144208155549      -3.066279144444      -0.021331154164       0.000000000000       0.000000000000
   7       0.000000000000       0.000000000000       0.000000000000       0.000000000000       0.000000000000       0.000000000000       0.000000000000       0.000000000000
   8       0.000000000000       0.000000000000       0.000000000000       0.000000000000       0.000000000000       0.000000000000       0.000000000000       0.000000000000
  

 
   1       0.000234770926       0.000005841058       0.000016675656      -0.000000105583       0.000000000000       0.000000000000       0.000000000000       0.000000000000
   2       0.000005841058       0.000216287786       0.000091992954      -0.000000626205       0.000000000000       0.000000000000       0.000000000000       0.000000000000
   3       0.000016675656       0.000091992954       0.000140743144      -0.000001999508      -4.929884901258      -1.256159225300       0.000000000000       0.000000000000
   4      -0.000000105583      -0.000000626205      -0.000001999508       0.000105309560      -1.144208155549      -3.066279144444       0.000000000000       0.000000000000
   5       0.000091992954      -0.000720270764      -0.000001999508      -4.929884901258      -1.256159225300      -1.442079294674       0.000000000000       0.000000000000
   6      -0.000000626205      -0.000019131349       0.000105309560      -1.144208155549      -3.066279144444      -0.021331154164       0.000000000000       0.000000000000
   7       0.000000000000       0.000000000000       0.000000000000       0.000000000000       0.000000000000       0.000000000000       0.000000000000       0.000000000000
   8       0.000000000000       0.000000000000       0.000000000000       0.000000000000       0.000000000000       0.000000000000       0.000000000000       0.000000000000
  

 
   1       1.147042226411      -0.008904017777       0.012095134966      -0.000007816721       0.000000000000       0.000000000000       0.000000000000       0.000000000000
   2      -0.008904017777       0.791657161161       0.197132489104      -0.000180148257       0.000000000000       0.000000000000       0.000000000000       0.000000000000
   3       0.012095134966       0.197132489104       0.671825010804       0.000060315087      -4.929884901258      -1.256159225300       0.000000000000       0.000000000000
   4      -0.000007816721      -0.000180148257       0.000060315087       0.637884418513      -1.144208155549      -3.066279144444       0.000000000000       0.000000000000
   5       0.197132489104       0.001373401915       0.000060315087      -4.929884901258      -1.256159225300      -1.442079294674       0.000000000000       0.000000000000
   6      -0.000180148257      -0.169368825261       0.637884418513      -1.144208155549      -3.066279144444      -0.021331154164       0.000000000000       0.000000000000
   7       0.000000000000       0.000000000000       0.000000000000       0.000000000000       0.000000000000       0.000000000000       0.000000000000       0.000000000000
   8       0.000000000000       0.000000000000       0.000000000000       0.000000000000       0.000000000000       0.000000000000       0.000000000000       0.000000000000
  

 
   1      -0.000000424625       0.000001204398       0.000012848573       0.010121320302       0.000000000000       0.000000000000       0.000000000000       0.000000000000
   2       0.000001204398       0.000018125779       0.000028805876       0.016493251387       0.000000000000       0.000000000000       0.000000000000       0.000000000000
   3       0.000012848573       0.000028805876       0.000105721810       0.046915977417      -4.929884901258      -1.256159225300       0.000000000000       0.000000000000
   4       0.010121320302       0.016493251387       0.046915977417      -0.000106432876      -1.144208155549      -3.066279144444       0.000000000000       0.000000000000
   5       0.000028805876      -0.002392416836       0.046915977417      -4.929884901258      -1.256159225300      -1.442079294674       0.000000000000       0.000000000000
   6       0.016493251387       0.000165633333      -0.000106432876      -1.144208155549      -3.066279144444      -0.021331154164       0.000000000000       0.000000000000
   7       0.000000000000       0.000000000000       0.000000000000       0.000000000000       0.000000000000       0.000000000000       0.000000000000       0.000000000000
   8       0.000000000000       0.000000000000       0.000000000000       0.000000000000       0.000000000000       0.000000000000       0.000000000000       0.000000000000
  

 
   1       0.110000707753      -0.005708567344       0.008844544248      -0.000006108887       0.000000000000       0.000000000000       0.000000000000       0.000000000000
   2      -0.005708567344       0.010443099118       0.008111882763      -0.000008365452       0.000000000000       0.000000000000       0.000000000000       0.000000000000
   3       0.008844544248       0.008111882763       0.008197254087       0.000007709260      -4.929884901258      -1.256159225300       0.000000000000       0.000000000000
   4      -0.000006108887      -0.000008365452       0.000007709260       0.009583846590      -1.144208155549      -3.066279144444       0.000000000000       0.000000000000
   5       0.008111882763       0.000022557627       0.000007709260      -4.929884901258      -1.256159225300      -1.442079294674       0.000000000000       0.000000000000
   6      -0.000008365452      -0.012105514129       0.009583846590      -1.144208155549      -3.066279144444      -0.021331154164       0.000000000000       0.000000000000
   7       0.000000000000       0.000000000000       0.000000000000       0.000000000000       0.000000000000       0.000000000000       0.000000000000       0.000000000000
   8       0.000000000000       0.000000000000       0.000000000000       0.000000000000       0.000000000000       0.000000000000       0.000000000000       0.000000000000
  

 
   1       0.000111249963       0.000000339790       0.000012196359       0.009382715035       0.000000000000       0.000000000000       0.000000000000       0.000000000000
   2       0.000000339790       0.000072971362       0.000088142589       0.039803559736       0.000000000000       0.000000000000       0.000000000000       0.000000000000
   3       0.000012196359       0.000088142589      -0.000000031412      -0.013847241079      -4.929884901258      -1.256159225300       0.000000000000       0.000000000000
   4       0.009382715035       0.039803559736      -0.013847241079       0.000064161393      -1.144208155549      -3.066279144444       0.000000000000       0.000000000000
   5       0.000088142589      -0.023731194937      -0.013847241079      -4.929884901258      -1.256159225300      -1.442079294674       0.000000000000       0.000000000000
   6       0.039803559736       0.000133850578       0.000064161393      -1.144208155549      -3.066279144444      -0.021331154164       0.000000000000       0.000000000000
   7       0.000000000000       0.000000000000       0.000000000000       0.000000000000       0.000000000000       0.000000000000       0.000000000000       0.000000000000
   8       0.000000000000       0.000000000000       0.000000000000       0.000000000000       0.000000000000       0.000000000000       0.000000000000       0.000000000000
  

 
   1      -0.131090349824       0.001194104309       0.000601463739       0.000010469391       0.000000000000       0.000000000000       0.000000000000       0.000000000000
   2       0.001194104309      -0.074015931384      -0.033875585719       0.000074171897       0.000000000000       0.000000000000       0.000000000000       0.000000000000
   3       0.000601463739      -0.033875585719      -0.020810088303      -0.000063873407      -4.929884901258      -1.256159225300       0.000000000000       0.000000000000
   4       0.000010469391       0.000074171897      -0.000063873407      -0.040094561839      -1.144208155549      -3.066279144444       0.000000000000       0.000000000000
   5      -0.033875585719      -0.000062256236      -0.000063873407      -4.929884901258      -1.256159225300      -1.442079294674       0.000000000000       0.000000000000
   6       0.000074171897       0.064523723063      -0.040094561839      -1.144208155549      -3.066279144444      -0.021331154164       0.000000000000       0.000000000000
   7       0.000000000000       0.000000000000       0.000000000000       0.000000000000       0.000000000000       0.000000000000       0.000000000000       0.000000000000
   8       0.000000000000       0.000000000000       0.000000000000       0.000000000000       0.000000000000       0.000000000000       0.000000000000       0.000000000000
  

 
   1      -0.000601987742       0.000006545645       0.000002680305      -0.000209401247       0.000000000000       0.000000000000       0.000000000000       0.000000000000
   2       0.000006545645      -0.000332182647      -0.000143108832      -0.001028817419       0.000000000000       0.000000000000       0.000000000000       0.000000000000
   3       0.000002680305      -0.000143108832      -0.000121252675       0.000508437871      -4.929884901258      -1.256159225300       0.000000000000       0.000000000000
   4      -0.000209401247      -0.001028817419       0.000508437871      -0.000205803229      -1.144208155549      -3.066279144444       0.000000000000       0.000000000000
   5      -0.000143108832       0.000953875844       0.000508437871      -4.929884901258      -1.256159225300      -1.442079294674       0.000000000000       0.000000000000
   6      -0.001028817419       0.000244760588      -0.000205803229      -1.144208155549      -3.066279144444      -0.021331154164       0.000000000000       0.000000000000
   7       0.000000000000       0.000000000000       0.000000000000       0.000000000000       0.000000000000       0.000000000000       0.000000000000       0.000000000000
   8       0.000000000000       0.000000000000       0.000000000000       0.000000000000       0.000000000000       0.000000000000       0.000000000000       0.000000000000
  

 
   1       0.000012318028       0.000004217955       0.000046040651       0.034218385160       0.000000000000       0.000000000000       0.000000000000       0.000000000000
   2       0.000004217955       0.000056395551       0.000126019984       0.084026735956       0.000000000000       0.000000000000       0.000000000000       0.000000000000
   3       0.000046040651       0.000126019984       0.000115382980       0.054564187119      -4.929884901258      -1.256159225300       0.000000000000       0.000000000000
   4       0.034218385160       0.084026735956       0.054564187119      -0.000157214487      -1.144208155549      -3.066279144444       0.000000000000       0.000000000000
   5       0.000126019984       0.021035171330       0.054564187119      -4.929884901258      -1.256159225300      -1.442079294674       0.000000000000       0.000000000000
   6       0.084026735956       0.000625334916      -0.000157214487      -1.144208155549      -3.066279144444      -0.021331154164       0.000000000000       0.000000000000
   7       0.000000000000       0.000000000000       0.000000000000       0.000000000000       0.000000000000       0.000000000000       0.000000000000       0.000000000000
   8       0.000000000000       0.000000000000       0.000000000000       0.000000000000       0.000000000000       0.000000000000       0.000000000000       0.000000000000
  

 
   1       0.000012312903      -0.000000179447      -0.000000098342       0.000019428102       0.000000000000       0.000000000000       0.000000000000       0.000000000000
   2      -0.000000179447       0.000006397769       0.000002380753       0.000055391092       0.000000000000       0.000000000000       0.000000000000       0.000000000000
   3      -0.000000098342       0.000002380753       0.000002285527       0.000020274755      -4.929884901258      -1.256159225300       0.000000000000       0.000000000000
   4       0.000019428102       0.000055391092       0.000020274755       0.000002699595      -1.144208155549      -3.066279144444       0.000000000000       0.000000000000
   5       0.000002380753       0.000000317487       0.000020274755      -4.929884901258      -1.256159225300      -1.442079294674       0.000000000000       0.000000000000
   6       0.000055391092      -0.000588656652       0.000002699595      -1.144208155549      -3.066279144444      -0.021331154164       0.000000000000       0.000000000000
   7       0.000000000000       0.000000000000       0.000000000000       0.000000000000       0.000000000000       0.000000000000       0.000000000000       0.000000000000
   8       0.000000000000       0.000000000000       0.000000000000       0.000000000000       0.000000000000       0.000000000000       0.000000000000       0.000000000000
  

 
   1      -0.000000424625       0.000001204398       0.000012848573       0.010121320302       0.000000000000       0.000000000000       0.000000000000       0.000000000000
   2       0.000001204398       0.000018125779       0.000028805876       0.016493251387       0.000000000000       0.000000000000       0.000000000000       0.000000000000
   3       0.000012848573       0.000028805876       0.000105721810       0.046915977417      -4.929884901258      -1.256159225300       0.000000000000       0.000000000000
   4       0.010121320302       0.016493251387       0.046915977417      -0.000106432876      -1.144208155549      -3.066279144444       0.000000000000       0.000000000000
   5       0.000028805876      -0.002392416836       0.046915977417      -4.929884901258      -1.256159225300      -1.442079294674       0.000000000000       0.000000000000
   6       0.016493251387       0.000165633333      -0.000106432876      -1.144208155549      -3.066279144444      -0.021331154164       0.000000000000       0.000000000000
   7       0.000000000000       0.000000000000       0.000000000000       0.000000000000       0.000000000000       0.000000000000       0.000000000000       0.000000000000
   8       0.000000000000       0.000000000000       0.000000000000       0.000000000000       0.000000000000       0.000000000000       0.000000000000       0.000000000000
  

 
   1       1.149559877469      -0.013834934480      -0.007327119896       0.000006354663       0.000000000000       0.000000000000       0.000000000000       0.000000000000
   2      -0.013834934480       0.750690891641       0.127620483121      -0.000123164029       0.000000000000       0.000000000000       0.000000000000       0.000000000000
   3      -0.007327119896       0.127620483121       0.592723311901       0.000212749076      -4.929884901258      -1.256159225300       0.000000000000       0.000000000000
   4       0.000006354663      -0.000123164029       0.000212749076       0.690703045783      -1.144208155549      -3.066279144444       0.000000000000       0.000000000000
   5       0.127620483121       0.000893962454       0.000212749076      -4.929884901258      -1.256159225300      -1.442079294674       0.000000000000       0.000000000000
   6      -0.000123164029      -0.222879222216       0.690703045783      -1.144208155549      -3.066279144444      -0.021331154164       0.000000000000       0.000000000000
   7       0.000000000000       0.000000000000       0.000000000000       0.000000000000       0.000000000000       0.000000000000       0.000000000000       0.000000000000
   8       0.000000000000       0.000000000000       0.000000000000       0.000000000000       0.000000000000       0.000000000000       0.000000000000       0.000000000000
  

 
   1      -0.000011575488       0.000002818288       0.000022684916       0.016769409010       0.000000000000       0.000000000000       0.000000000000       0.000000000000
   2       0.000002818288      -0.000003621563       0.000003708347       0.003611328655       0.000000000000       0.000000000000       0.000000000000       0.000000000000
   3       0.000022684916       0.000003708347      -0.000003366080      -0.002477622611      -4.929884901258      -1.256159225300       0.000000000000       0.000000000000
   4       0.016769409010       0.003611328655      -0.002477622611       0.000005439532      -1.144208155549      -3.066279144444       0.000000000000       0.000000000000
   5       0.000003708347      -0.005948264073      -0.002477622611      -4.929884901258      -1.256159225300      -1.442079294674       0.000000000000       0.000000000000
   6       0.003611328655       0.000015908867       0.000005439532      -1.144208155549      -3.066279144444      -0.021331154164       0.000000000000       0.000000000000
   7       0.000000000000       0.000000000000       0.000000000000       0.000000000000       0.000000000000       0.000000000000       0.000000000000       0.000000000000
   8       0.000000000000       0.000000000000       0.000000000000       0.000000000000       0.000000000000       0.000000000000       0.000000000000       0.000000000000
  

 
   1       0.051377333965      -0.004657148981      -0.002149098288       0.000003338312       0.000000000000       0.000000000000       0.000000000000       0.000000000000
   2      -0.004657148981      -0.002645938486      -0.001338167844      -0.000002622182       0.000000000000       0.000000000000       0.000000000000       0.000000000000
   3      -0.002149098288      -0.001338167844       0.002443173681       0.000003454268      -4.929884901258      -1.256159225300       0.000000000000       0.000000000000
   4       0.000003338312      -0.000002622182       0.000003454268       0.003401123445      -1.144208155549      -3.066279144444       0.000000000000       0.000000000000
   5      -0.001338167844       0.000005329933       0.000003454268      -4.929884901258      -1.256159225300      -1.442079294674       0.000000000000       0.000000000000
   6      -0.000002622182       0.001472728455       0.003401123445      -1.144208155549      -3.066279144444      -0.021331154164       0.000000000000       0.000000000000
   7       0.000000000000       0.000000000000       0.000000000000       0.000000000000       0.000000000000       0.000000000000       0.000000000000       0.000000000000
   8       0.000000000000       0.000000000000       0.000000000000       0.000000000000       0.000000000000       0.000000000000       0.000000000000       0.000000000000
  

 
   1       0.000067738822      -0.000005873690      -0.000003524848      -0.000778899386       0.000000000000       0.000000000000       0.000000000000       0.000000000000
   2      -0.000005873690      -0.000000251099       0.000004662084       0.003404062272       0.000000000000       0.000000000000       0.000000000000       0.000000000000
   3      -0.000003524848       0.000004662084      -0.000001472239      -0.003456578873      -4.929884901258      -1.256159225300       0.000000000000       0.000000000000
   4      -0.000778899386       0.003404062272      -0.003456578873       0.000014111502      -1.144208155549      -3.066279144444       0.000000000000       0.000000000000
   5       0.000004662084      -0.003615976749      -0.003456578873      -4.929884901258      -1.256159225300      -1.442079294674       0.000000000000       0.000000000000
   6       0.003404062272       0.000010623997       0.000014111502      -1.144208155549      -3.066279144444      -0.021331154164       0.000000000000       0.000000000000
   7       0.000000000000       0.000000000000       0.000000000000       0.000000000000       0.000000000000       0.000000000000       0.000000000000       0.000000000000
   8       0.000000000000       0.000000000000       0.000000000000       0.000000000000       0.000000000000       0.000000000000       0.000000000000       0.000000000000
  

 
   1      -0.001206279170       0.000090812284      -0.000033497056      -0.000005791367       0.000000000000       0.000000000000       0.000000000000       0.000000000000
   2       0.000090812284       0.000017914273       0.000057702382       0.000010996798       0.000000000000       0.000000000000       0.000000000000       0.000000000000
   3      -0.000033497056       0.000057702382      -0.000128994403      -0.000012340426      -4.929884901258      -1.256159225300       0.000000000000       0.000000000000
   4      -0.000005791367       0.000010996798      -0.000012340426      -0.000153194940      -1.144208155549      -3.066279144444       0.000000000000       0.000000000000
   5       0.000057702382      -0.000013606554      -0.000012340426      -4.929884901258      -1.256159225300      -1.442079294674       0.000000000000       0.000000000000
   6       0.000010996798      -0.000048935267      -0.000153194940      -1.144208155549      -3.066279144444      -0.021331154164       0.000000000000       0.000000000000
   7       0.000000000000       0.000000000000       0.000000000000       0.000000000000       0.000000000000       0.000000000000       0.000000000000       0.000000000000
   8       0.000000000000       0.000000000000       0.000000000000       0.000000000000       0.000000000000       0.000000000000       0.000000000000       0.000000000000
  

 
   1       0.310141876652      -0.023072713771      -0.013178578729       0.000016588437       0.000000000000       0.000000000000       0.000000000000       0.000000000000
   2      -0.023072713771       0.038919328553       0.019374192681      -0.000018554003       0.000000000000       0.000000000000       0.000000000000       0.000000000000
   3      -0.013178578729       0.019374192681       0.029637511043       0.000019754555      -4.929884901258      -1.256159225300       0.000000000000       0.000000000000
   4       0.000016588437      -0.000018554003       0.000019754555       0.035846499243      -1.144208155549      -3.066279144444       0.000000000000       0.000000000000
   5       0.019374192681       0.000076902010       0.000019754555      -4.929884901258      -1.256159225300      -1.442079294674       0.000000000000       0.000000000000
   6      -0.000018554003      -0.025038517395       0.035846499243      -1.144208155549      -3.066279144444      -0.021331154164       0.000000000000       0.000000000000
   7       0.000000000000       0.000000000000       0.000000000000       0.000000000000       0.000000000000       0.000000000000       0.000000000000       0.000000000000
   8       0.000000000000       0.000000000000       0.000000000000       0.000000000000       0.000000000000       0.000000000000       0.000000000000       0.000000000000
  

 
   1       0.000186374817      -0.000007828736      -0.000003057678      -0.000000111428       0.000000000000       0.000000000000       0.000000000000       0.000000000000
   2      -0.000007828736       0.000013947905       0.000012181522       0.000000006252       0.000000000000       0.000000000000       0.000000000000       0.000000000000
   3      -0.000003057678       0.000012181522       0.000016688694       0.000000232627      -4.929884901258      -1.256159225300       0.000000000000       0.000000000000
   4      -0.000000111428       0.000000006252       0.000000232627       0.000018810909      -1.144208155549      -3.066279144444       0.000000000000       0.000000000000
   5       0.000012181522      -0.000006265970       0.000000232627      -4.929884901258      -1.256159225300      -1.442079294674       0.000000000000       0.000000000000
   6       0.000000006252      -0.000015507693       0.000018810909      -1.144208155549      -3.066279144444      -0.021331154164       0.000000000000       0.000000000000
   7       0.000000000000       0.000000000000       0.000000000000       0.000000000000       0.000000000000       0.000000000000       0.000000000000       0.000000000000
   8       0.000000000000       0.000000000000       0.000000000000       0.000000000000       0.000000000000       0.000000000000       0.000000000000       0.000000000000
  

 
   1       0.110000707753      -0.005708567344       0.008844544248      -0.000006108887       0.000000000000       0.000000000000       0.000000000000       0.000000000000
   2      -0.005708567344       0.010443099118       0.008111882763      -0.000008365452       0.000000000000       0.000000000000       0.000000000000       0.000000000000
   3       0.008844544248       0.008111882763       0.008197254087       0.000007709260      -4.929884901258      -1.256159225300       0.000000000000       0.000000000000
   4      -0.000006108887      -0.000008365452       0.000007709260       0.009583846590      -1.144208155549      -3.066279144444       0.000000000000       0.000000000000
   5       0.008111882763       0.000022557627       0.000007709260      -4.929884901258      -1.256159225300      -1.442079294674       0.000000000000       0.000000000000
   6      -0.000008365452      -0.012105514129       0.009583846590      -1.144208155549      -3.066279144444      -0.021331154164       0.000000000000       0.000000000000
   7       0.000000000000       0.000000000000       0.000000000000       0.000000000000       0.000000000000       0.000000000000       0.000000000000       0.000000000000
   8       0.000000000000       0.000000000000       0.000000000000       0.000000000000       0.000000000000       0.000000000000       0.000000000000       0.000000000000
  

 
   1      -0.000011575488       0.000002818288       0.000022684916       0.016769409010       0.000000000000       0.000000000000       0.000000000000       0.000000000000
   2       0.000002818288      -0.000003621563       0.000003708347       0.003611328655       0.000000000000       0.000000000000       0.000000000000       0.000000000000
   3       0.000022684916       0.000003708347      -0.000003366080      -0.002477622611      -4.929884901258      -1.256159225300       0.000000000000       0.000000000000
   4       0.016769409010       0.003611328655      -0.002477622611       0.000005439532      -1.144208155549      -3.066279144444       0.000000000000       0.000000000000
   5       0.000003708347      -0.005948264073      -0.002477622611      -4.929884901258      -1.256159225300      -1.442079294674       0.000000000000       0.000000000000
   6       0.003611328655       0.000015908867       0.000005439532      -1.144208155549      -3.066279144444      -0.021331154164       0.000000000000       0.000000000000
   7       0.000000000000       0.000000000000       0.000000000000       0.000000000000       0.000000000000       0.000000000000       0.000000000000       0.000000000000
   8       0.000000000000       0.000000000000       0.000000000000       0.000000000000       0.000000000000       0.000000000000       0.000000000000       0.000000000000
  

 
   1       4.785630864299      -0.430314969597      -0.191104568082       0.000253281638       0.000000000000       0.000000000000       0.000000000000       0.000000000000
   2      -0.430314969597       1.005417298851       0.273680465830      -0.000267072383       0.000000000000       0.000000000000       0.000000000000       0.000000000000
   3      -0.191104568082       0.273680465830       0.781832788346       0.000254606515      -4.929884901258      -1.256159225300       0.000000000000       0.000000000000
   4       0.000253281638      -0.000267072383       0.000254606515       0.852351644820      -1.144208155549      -3.066279144444       0.000000000000       0.000000000000
   5       0.273680465830       0.001551354565       0.000254606515      -4.929884901258      -1.256159225300      -1.442079294674       0.000000000000       0.000000000000
   6      -0.000267072383      -0.343245249060       0.852351644820      -1.144208155549      -3.066279144444      -0.021331154164       0.000000000000       0.000000000000
   7       0.000000000000       0.000000000000       0.000000000000       0.000000000000       0.000000000000       0.000000000000       0.000000000000       0.000000000000
   8       0.000000000000       0.000000000000       0.000000000000       0.000000000000       0.000000000000       0.000000000000       0.000000000000       0.000000000000
  