
g_p[1,1,:,:] =         [0.387929026294,       0.000164849408,      -0.008337546526,      -0.000000000000,       0.000000000000,      -0.003292222577,
          0.000164849408,       0.319330637063,       0.004924648640,       0.000000000000,      -0.000000000000,      -0.004555693945,
         -0.008337546526,       0.004924648640,       0.262659775113,      -0.000000000000,       0.000000000000,      -0.009323702378,
         -0.000000000000,       0.000000000000,      -0.000000000000,       0.288922543326,      -0.000000000000,       0.000000000000,
          0.000000000000,      -0.000000000000,       0.000000000000,      -0.000000000000,       0.288922543326,       0.000000000000,
         -0.003292222577,      -0.004555693945,      -0.009323702378,       0.000000000000,       0.000000000000,       0.302945974623]

g_p[1,2,:,:] =           [-0.000000000000,       0.000000000000,       0.000000000000,       0.015181246921,       0.000003789666,       0.000000000000,
          0.000000000000,      -0.000000000000,       0.000000000000,      -0.034427487800,      -0.000008594069,      -0.000000000000,
          0.000000000000,       0.000000000000,       0.000000000000,       0.044791223515,       0.000011181149,       0.000000000000,
          0.015181246921,      -0.034427487800,       0.044791223515,       0.000000000000,      -0.000000000000,      -0.028962869866,
          0.000003789666,      -0.000008594069,       0.000011181149,      -0.000000000000,      -0.000000000000,      -0.000007229947,
          0.000000000000,      -0.000000000000,       0.000000000000,      -0.028962869866,      -0.000007229947,      -0.000000000000]

g_p[1,3,:,:] =        [-0.000000000000,       0.000000000000,       0.000000000000,      -0.000003789666,       0.015181246921,       0.000000000000,
          0.000000000000,       0.000000000000,      -0.000000000000,       0.000008594069,      -0.034427487800,       0.000000000000,
          0.000000000000,      -0.000000000000,       0.000000000000,      -0.000011181149,       0.044791223515,      -0.000000000000,
         -0.000003789666,       0.000008594069,      -0.000011181149,      -0.000000000000,       0.000000000000,       0.000007229947,
          0.015181246921,      -0.034427487800,       0.044791223515,       0.000000000000,      -0.000000000000,      -0.028962869866,
          0.000000000000,       0.000000000000,      -0.000000000000,       0.000007229947,      -0.028962869866,       0.000000000000]

   g_p[1,4,:,:] =        [-0.002379337499,       0.007093287979,       0.008954746439,       0.000000000000,      -0.000000000000,       0.009043597709,
          0.007093287979,      -0.085087724540,      -0.013375010830,       0.000000000000,       0.000000000000,       0.027678515217,
          0.008954746439,      -0.013375010830,       0.047227676104,       0.000000000000,      -0.000000000000,       0.030219481675,
          0.000000000000,       0.000000000000,       0.000000000000,       0.002031442861,      -0.000000000000,       0.000000000000,
         -0.000000000000,       0.000000000000,      -0.000000000000,      -0.000000000000,       0.002031442861,      -0.000000000000,
          0.009043597709,       0.027678515217,       0.030219481675,       0.000000000000,      -0.000000000000,      -0.057579402368]

   g_p[1,5,:,:] =        [-0.012373682670,      -0.001005878790,       0.001105964986,       0.000000000000,      -0.000000000000,       0.001653104801,
         -0.001005878790,       0.053664721168,       0.014849213088,      -0.000000000000,      -0.000000000000,      -0.048523404772,
          0.001105964986,       0.014849213088,       0.003181558965,       0.000000000000,      -0.000000000000,      -0.006738132987,
          0.000000000000,      -0.000000000000,       0.000000000000,      -0.007482215288,       0.000000000000,       0.000000000000,
         -0.000000000000,      -0.000000000000,      -0.000000000000,       0.000000000000,      -0.007482215288,       0.000000000000,
          0.001653104801,      -0.048523404772,      -0.006738132987,       0.000000000000,       0.000000000000,       0.049385520389]

   g_p[1,6,:,:] =         [0.126340889930,       0.006756131469,      -0.010183860206,      -0.000000000000,       0.000000000000,       0.002214081518,
          0.006756131469,       0.015761027091,      -0.000395654893,       0.000000000000,       0.000000000000,       0.004516761446,
         -0.010183860206,      -0.000395654893,       0.018428347604,      -0.000000000000,       0.000000000000,       0.002657911976,
         -0.000000000000,       0.000000000000,      -0.000000000000,       0.019268775805,      -0.000000000000,       0.000000000000,
          0.000000000000,       0.000000000000,       0.000000000000,      -0.000000000000,       0.019268775805,      -0.000000000000,
          0.002214081518,       0.004516761446,       0.002657911976,       0.000000000000,      -0.000000000000,       0.016200000242]

g_p[2,1,:,:] =         [         -0.000000000000,       0.000000000000,       0.000000000000,       0.015181246921,       0.000003789666,       0.000000000000,
          0.000000000000,      -0.000000000000,       0.000000000000,      -0.034427487800,      -0.000008594069,      -0.000000000000,
          0.000000000000,       0.000000000000,       0.000000000000,       0.044791223515,       0.000011181149,       0.000000000000,
          0.015181246921,      -0.034427487800,       0.044791223515,       0.000000000000,      -0.000000000000,      -0.028962869866,
          0.000003789666,      -0.000008594069,       0.000011181149,      -0.000000000000,      -0.000000000000,      -0.000007229947,
          0.000000000000,      -0.000000000000,       0.000000000000,      -0.028962869866,      -0.000007229947,      -0.000000000000]

g_p[2,2,:,:] =         [       0.396356212505,       0.004208731693,      -0.004660388823,      -0.000000000000,       0.000000000000,       0.000694295062,
         0.004208731693,       0.269428784419,      -0.005783919511,      -0.000000000000,       0.000000000000,       0.016565676672,
        -0.004660388823,      -0.005783919511,       0.282169926668,       0.000000000000,      -0.000000000000,       0.002065452284,
        -0.000000000000,      -0.000000000000,       0.000000000000,       0.312945509057,       0.000008422022,      -0.000000000000,
         0.000000000000,       0.000000000000,      -0.000000000000,       0.000008422022,       0.279207234234,      -0.000000000000,
         0.000694295062,       0.016565676672,       0.002065452284,      -0.000000000000,      -0.000000000000,       0.268265440830]

   g_p[2,3,:,:] =         [        -0.000000000000,      -0.000000000000,       0.000000000000,      -0.000000000000,       0.000000000000,      -0.000000000000,
        -0.000000000000,      -0.000000000000,      -0.000000000000,      -0.000000000000,      -0.000000000000,       0.000000000000,
         0.000000000000,      -0.000000000000,       0.000000000000,       0.000000000000,       0.000000000000,      -0.000000000000,
        -0.000000000000,      -0.000000000000,       0.000000000000,      -0.000008422022,       0.016869137411,      -0.000000000000,
         0.000000000000,      -0.000000000000,       0.000000000000,       0.016869137411,       0.000008422022,      -0.000000000000,
        -0.000000000000,       0.000000000000,      -0.000000000000,      -0.000000000000,      -0.000000000000,      -0.000000000000]

    g_p[2,4,:,:] =         [       -0.000000000000,       0.000000000000,       0.000000000000,       0.003427705169,       0.000000855652,       0.000000000000,
         0.000000000000,      -0.000000000000,       0.000000000000,       0.001474640753,       0.000000368112,       0.000000000000,
         0.000000000000,       0.000000000000,       0.000000000000,       0.020915765535,       0.000005221163,       0.000000000000,
         0.003427705169,       0.001474640753,       0.020915765535,       0.000000000000,      -0.000000000000,       0.004157309374,
         0.000000855652,       0.000000368112,       0.000005221163,      -0.000000000000,      -0.000000000000,       0.000001037781,
         0.000000000000,       0.000000000000,       0.000000000000,       0.004157309374,       0.000001037781,      -0.000000000000]

     g_p[2,5,:,:] =         [       0.000000000000,      -0.000000000000,       0.000000000000,      -0.003213754238,      -0.000000802243,       0.000000000000,
        -0.000000000000,       0.000000000000,      -0.000000000000,       0.008746194606,       0.000002183296,       0.000000000000,
         0.000000000000,      -0.000000000000,       0.000000000000,      -0.007540921764,      -0.000001882426,       0.000000000000,
        -0.003213754238,       0.008746194606,      -0.007540921764,      -0.000000000000,       0.000000000000,       0.010260762339,
        -0.000000802243,       0.000002183296,      -0.000001882426,       0.000000000000,       0.000000000000,       0.000002561375,
         0.000000000000,       0.000000000000,       0.000000000000,       0.010260762339,       0.000002561375,      -0.000000000000]

   g_p[2,6,:,:] =         [         0.000000000000,       0.000000000000,      -0.000000000000,       0.006136214351,       0.000001531772,       0.000000000000,
         0.000000000000,       0.000000000000,      -0.000000000000,       0.001055345940,       0.000000263444,       0.000000000000,
        -0.000000000000,      -0.000000000000,       0.000000000000,      -0.001299369606,      -0.000000324359,       0.000000000000,
         0.006136214351,       0.001055345940,      -0.001299369606,       0.000000000000,       0.000000000000,       0.000889541332,
         0.000001531772,       0.000000263444,      -0.000000324359,       0.000000000000,       0.000000000000,       0.000000222055,
         0.000000000000,       0.000000000000,       0.000000000000,       0.000889541332,       0.000000222055,       0.000000000000]

    g_p[3,1,:,:] =         [       -0.000000000000,       0.000000000000,       0.000000000000,      -0.000003789666,       0.015181246921,       0.000000000000,
         0.000000000000,       0.000000000000,      -0.000000000000,       0.000008594069,      -0.034427487800,       0.000000000000,
         0.000000000000,      -0.000000000000,       0.000000000000,      -0.000011181149,       0.044791223515,      -0.000000000000,
        -0.000003789666,       0.000008594069,      -0.000011181149,      -0.000000000000,       0.000000000000,       0.000007229947,
         0.015181246921,      -0.034427487800,       0.044791223515,       0.000000000000,      -0.000000000000,      -0.028962869866,
         0.000000000000,       0.000000000000,      -0.000000000000,       0.000007229947,      -0.028962869866,       0.000000000000]

   g_p[3,2,:,:] =         [        -0.000000000000,      -0.000000000000,       0.000000000000,      -0.000000000000,       0.000000000000,      -0.000000000000,
        -0.000000000000,      -0.000000000000,      -0.000000000000,      -0.000000000000,      -0.000000000000,       0.000000000000,
         0.000000000000,      -0.000000000000,       0.000000000000,       0.000000000000,       0.000000000000,      -0.000000000000,
        -0.000000000000,      -0.000000000000,       0.000000000000,      -0.000008422022,       0.016869137411,      -0.000000000000,
         0.000000000000,      -0.000000000000,       0.000000000000,       0.016869137411,       0.000008422022,      -0.000000000000,
        -0.000000000000,       0.000000000000,      -0.000000000000,      -0.000000000000,      -0.000000000000,      -0.000000000000]

   g_p[3,3,:,:] =         [         0.396356212505,       0.004208731693,      -0.004660388823,      -0.000000000000,       0.000000000000,       0.000694295062,
         0.004208731693,       0.269428784419,      -0.005783919511,      -0.000000000000,       0.000000000000,       0.016565676672,
        -0.004660388823,      -0.005783919511,       0.282169926668,      -0.000000000000,       0.000000000000,       0.002065452284,
        -0.000000000000,      -0.000000000000,      -0.000000000000,       0.279207234234,      -0.000008422022,      -0.000000000000,
         0.000000000000,       0.000000000000,       0.000000000000,      -0.000008422022,       0.312945509057,      -0.000000000000,
         0.000694295062,       0.016565676672,       0.002065452284,      -0.000000000000,      -0.000000000000,       0.268265440830]

   g_p[3,4,:,:] =         [        -0.000000000000,      -0.000000000000,       0.000000000000,      -0.000000855652,       0.003427705169,      -0.000000000000,
        -0.000000000000,       0.000000000000,       0.000000000000,      -0.000000368112,       0.001474640753,      -0.000000000000,
         0.000000000000,       0.000000000000,       0.000000000000,      -0.000005221163,       0.020915765535,       0.000000000000,
        -0.000000855652,      -0.000000368112,      -0.000005221163,      -0.000000000000,       0.000000000000,      -0.000001037781,
         0.003427705169,       0.001474640753,       0.020915765535,       0.000000000000,      -0.000000000000,       0.004157309374,
        -0.000000000000,      -0.000000000000,       0.000000000000,      -0.000001037781,       0.004157309374,      -0.000000000000]

   g_p[3,5,:,:] =         [         0.000000000000,      -0.000000000000,      -0.000000000000,       0.000000802243,      -0.003213754238,      -0.000000000000,
        -0.000000000000,      -0.000000000000,       0.000000000000,      -0.000002183296,       0.008746194606,      -0.000000000000,
        -0.000000000000,       0.000000000000,      -0.000000000000,       0.000001882426,      -0.007540921764,       0.000000000000,
         0.000000802243,      -0.000002183296,       0.000001882426,      -0.000000000000,      -0.000000000000,      -0.000002561375,
        -0.003213754238,       0.008746194606,      -0.007540921764,      -0.000000000000,       0.000000000000,       0.010260762339,
        -0.000000000000,      -0.000000000000,       0.000000000000,      -0.000002561375,       0.010260762339,      -0.000000000000]

    g_p[3,6,:,:] =         [       -0.000000000000,      -0.000000000000,       0.000000000000,      -0.000001531772,       0.006136214351,      -0.000000000000,
        -0.000000000000,      -0.000000000000,       0.000000000000,      -0.000000263444,       0.001055345940,      -0.000000000000,
         0.000000000000,       0.000000000000,      -0.000000000000,       0.000000324359,      -0.001299369606,       0.000000000000,
        -0.000001531772,      -0.000000263444,       0.000000324359,      -0.000000000000,      -0.000000000000,      -0.000000222055,
         0.006136214351,       0.001055345940,      -0.001299369606,      -0.000000000000,       0.000000000000,       0.000889541332,
        -0.000000000000,      -0.000000000000,       0.000000000000,      -0.000000222055,       0.000889541332,      -0.000000000000]

   g_p[4,1,:,:] =         [        -0.002379337499,       0.007093287979,       0.008954746439,       0.000000000000,      -0.000000000000,       0.009043597709,
         0.007093287979,      -0.085087724540,      -0.013375010830,       0.000000000000,       0.000000000000,       0.027678515217,
         0.008954746439,      -0.013375010830,       0.047227676104,       0.000000000000,      -0.000000000000,       0.030219481675,
         0.000000000000,       0.000000000000,       0.000000000000,       0.002031442861,      -0.000000000000,       0.000000000000,
        -0.000000000000,       0.000000000000,      -0.000000000000,      -0.000000000000,       0.002031442861,      -0.000000000000,
         0.009043597709,       0.027678515217,       0.030219481675,       0.000000000000,      -0.000000000000,      -0.057579402368]

    g_p[4,2,:,:] =         [       -0.000000000000,       0.000000000000,       0.000000000000,       0.003427705169,       0.000000855652,       0.000000000000,
         0.000000000000,      -0.000000000000,       0.000000000000,       0.001474640753,       0.000000368112,       0.000000000000,
         0.000000000000,       0.000000000000,       0.000000000000,       0.020915765535,       0.000005221163,       0.000000000000,
         0.003427705169,       0.001474640753,       0.020915765535,       0.000000000000,      -0.000000000000,       0.004157309374,
         0.000000855652,       0.000000368112,       0.000005221163,      -0.000000000000,      -0.000000000000,       0.000001037781,
         0.000000000000,       0.000000000000,       0.000000000000,       0.004157309374,       0.000001037781,      -0.000000000000]

    g_p[4,3,:,:] =         [       -0.000000000000,      -0.000000000000,       0.000000000000,      -0.000000855652,       0.003427705169,      -0.000000000000,
        -0.000000000000,       0.000000000000,       0.000000000000,      -0.000000368112,       0.001474640753,      -0.000000000000,
         0.000000000000,       0.000000000000,       0.000000000000,      -0.000005221163,       0.020915765535,       0.000000000000,
        -0.000000855652,      -0.000000368112,      -0.000005221163,      -0.000000000000,       0.000000000000,      -0.000001037781,
         0.003427705169,       0.001474640753,       0.020915765535,       0.000000000000,      -0.000000000000,       0.004157309374,
        -0.000000000000,      -0.000000000000,       0.000000000000,      -0.000001037781,       0.004157309374,      -0.000000000000]

   g_p[4,4,:,:] =         [         0.394819632354,       0.006428923099,      -0.000804113304,      -0.000000000000,       0.000000000000,       0.006668395516,
         0.006428923099,       0.281314567344,       0.006669791893,       0.000000000000,      -0.000000000000,      -0.007976212671,
        -0.000804113304,       0.006669791893,       0.317846624272,       0.000000000000,      -0.000000000000,       0.024645904503,
        -0.000000000000,       0.000000000000,       0.000000000000,       0.279355924607,      -0.000000000000,       0.000000000000,
         0.000000000000,      -0.000000000000,      -0.000000000000,      -0.000000000000,       0.279355924607,      -0.000000000000,
         0.006668395516,      -0.007976212671,       0.024645904503,       0.000000000000,      -0.000000000000,       0.283958895343]

    g_p[4,5,:,:] =         [        0.027674772052,       0.005167259672,       0.002894514980,       0.000000000000,      -0.000000000000,       0.003820883512,
         0.005167259672,      -0.089114208996,      -0.018553679071,       0.000000000000,       0.000000000000,       0.064146804283,
         0.002894514980,      -0.018553679071,       0.030546670345,       0.000000000000,      -0.000000000000,       0.029206379567,
         0.000000000000,       0.000000000000,       0.000000000000,       0.007582141124,      -0.000000000000,       0.000000000000,
        -0.000000000000,       0.000000000000,      -0.000000000000,      -0.000000000000,       0.007582141124,      -0.000000000000,
         0.003820883512,       0.064146804283,       0.029206379567,       0.000000000000,      -0.000000000000,      -0.075067306115]

    g_p[4,6,:,:] =         [        0.029131999810,       0.004472109776,       0.001707736478,      -0.000000000000,      -0.000000000000,       0.005821983965,
         0.004472109776,       0.004194497486,      -0.000074416863,      -0.000000000000,       0.000000000000,      -0.000103300145,
         0.001707736478,      -0.000074416863,       0.004105672727,      -0.000000000000,       0.000000000000,       0.000307048644,
        -0.000000000000,      -0.000000000000,      -0.000000000000,       0.004620231802,      -0.000000000000,       0.000000000000,
        -0.000000000000,       0.000000000000,       0.000000000000,      -0.000000000000,       0.004620231802,      -0.000000000000,
         0.005821983965,      -0.000103300145,       0.000307048644,       0.000000000000,      -0.000000000000,       0.004466887750]

    g_p[5,1,:,:] =         [       -0.012373682670,      -0.001005878790,       0.001105964986,       0.000000000000,      -0.000000000000,       0.001653104801,
        -0.001005878790,       0.053664721168,       0.014849213088,      -0.000000000000,      -0.000000000000,      -0.048523404772,
         0.001105964986,       0.014849213088,       0.003181558965,       0.000000000000,      -0.000000000000,      -0.006738132987,
         0.000000000000,      -0.000000000000,       0.000000000000,      -0.007482215288,       0.000000000000,       0.000000000000,
        -0.000000000000,      -0.000000000000,      -0.000000000000,       0.000000000000,      -0.007482215288,       0.000000000000,
         0.001653104801,      -0.048523404772,      -0.006738132987,       0.000000000000,       0.000000000000,       0.049385520389]

   g_p[5,2,:,:] =         [         0.000000000000,      -0.000000000000,       0.000000000000,      -0.003213754238,      -0.000000802243,       0.000000000000,
        -0.000000000000,       0.000000000000,      -0.000000000000,       0.008746194606,       0.000002183296,       0.000000000000,
         0.000000000000,      -0.000000000000,       0.000000000000,      -0.007540921764,      -0.000001882426,       0.000000000000,
        -0.003213754238,       0.008746194606,      -0.007540921764,      -0.000000000000,       0.000000000000,       0.010260762339,
        -0.000000802243,       0.000002183296,      -0.000001882426,       0.000000000000,       0.000000000000,       0.000002561375,
         0.000000000000,       0.000000000000,       0.000000000000,       0.010260762339,       0.000002561375,      -0.000000000000]

   g_p[5,3,:,:] =         [         0.000000000000,      -0.000000000000,      -0.000000000000,       0.000000802243,      -0.003213754238,      -0.000000000000,
        -0.000000000000,      -0.000000000000,       0.000000000000,      -0.000002183296,       0.008746194606,      -0.000000000000,
        -0.000000000000,       0.000000000000,      -0.000000000000,       0.000001882426,      -0.007540921764,       0.000000000000,
       0.000000802243,      -0.000002183296,       0.000001882426,      -0.000000000000,      -0.000000000000,      -0.000002561375,
      -0.003213754238,       0.008746194606,      -0.007540921764,      -0.000000000000,       0.000000000000,       0.010260762339,
      -0.000000000000,      -0.000000000000,       0.000000000000,      -0.000002561375,       0.010260762339,      -0.000000000000]

   g_p[5,4,:,:] =         [       0.027674772052,       0.005167259672,       0.002894514980,       0.000000000000,      -0.000000000000,       0.003820883512,
       0.005167259672,      -0.089114208996,      -0.018553679071,       0.000000000000,       0.000000000000,       0.064146804283,
       0.002894514980,      -0.018553679071,       0.030546670345,       0.000000000000,      -0.000000000000,       0.029206379567,
       0.000000000000,       0.000000000000,       0.000000000000,       0.007582141124,      -0.000000000000,       0.000000000000,
      -0.000000000000,       0.000000000000,      -0.000000000000,      -0.000000000000,       0.007582141124,      -0.000000000000,
       0.003820883512,       0.064146804283,       0.029206379567,       0.000000000000,      -0.000000000000,      -0.075067306115]

   g_p[5,5,:,:] =         [       0.327305260394,      -0.008327116504,      -0.011547388230,      -0.000000000000,       0.000000000000,      -0.004744055506,
      -0.008327116504,       0.572475818833,       0.068309781023,      -0.000000000000,      -0.000000000000,      -0.234897485729,
      -0.011547388230,       0.068309781023,       0.222294226091,      -0.000000000000,       0.000000000000,      -0.073349609684,
      -0.000000000000,      -0.000000000000,      -0.000000000000,       0.255036004033,      -0.000000000000,      -0.000000000000,
       0.000000000000,      -0.000000000000,       0.000000000000,      -0.000000000000,       0.255036004033,       0.000000000000,
      -0.004744055506,      -0.234897485729,      -0.073349609684,      -0.000000000000,       0.000000000000,       0.560402163481]

   g_p[5,6,:,:] =         [      -0.025959321319,      -0.000113166415,       0.004141959473,       0.000000000000,      -0.000000000000,       0.001961419932,
      -0.000113166415,      -0.004472894968,      -0.000099234042,       0.000000000000,       0.000000000000,      -0.001796368579,
       0.004141959473,      -0.000099234042,      -0.002736002654,       0.000000000000,      -0.000000000000,      -0.000369181096,
       0.000000000000,       0.000000000000,       0.000000000000,      -0.003578297903,       0.000000000000,       0.000000000000,
      -0.000000000000,       0.000000000000,      -0.000000000000,       0.000000000000,      -0.003578297903,       0.000000000000,
       0.001961419932,      -0.001796368579,      -0.000369181096,       0.000000000000,       0.000000000000,      -0.002638622070]

   g_p[6,1,:,:] =         [       0.126340889930,       0.006756131469,      -0.010183860206,      -0.000000000000,       0.000000000000,       0.002214081518,
       0.006756131469,       0.015761027091,      -0.000395654893,       0.000000000000,       0.000000000000,       0.004516761446,
      -0.010183860206,      -0.000395654893,       0.018428347604,      -0.000000000000,       0.000000000000,       0.002657911976,
      -0.000000000000,       0.000000000000,      -0.000000000000,       0.019268775805,      -0.000000000000,       0.000000000000,
       0.000000000000,       0.000000000000,       0.000000000000,      -0.000000000000,       0.019268775805,      -0.000000000000,
       0.002214081518,       0.004516761446,       0.002657911976,       0.000000000000,      -0.000000000000,       0.016200000242]

   g_p[6,2,:,:] =         [       0.000000000000,       0.000000000000,      -0.000000000000,       0.006136214351,       0.000001531772,       0.000000000000,
       0.000000000000,       0.000000000000,      -0.000000000000,       0.001055345940,       0.000000263444,       0.000000000000,
      -0.000000000000,      -0.000000000000,       0.000000000000,      -0.001299369606,      -0.000000324359,       0.000000000000,
       0.006136214351,       0.001055345940,      -0.001299369606,       0.000000000000,       0.000000000000,       0.000889541332,
       0.000001531772,       0.000000263444,      -0.000000324359,       0.000000000000,       0.000000000000,       0.000000222055,
       0.000000000000,       0.000000000000,       0.000000000000,       0.000889541332,       0.000000222055,       0.000000000000]

   g_p[6,3,:,:] =         [      -0.000000000000,      -0.000000000000,       0.000000000000,      -0.000001531772,       0.006136214351,      -0.000000000000,
      -0.000000000000,      -0.000000000000,       0.000000000000,      -0.000000263444,       0.001055345940,      -0.000000000000,
       0.000000000000,       0.000000000000,      -0.000000000000,       0.000000324359,      -0.001299369606,       0.000000000000,
      -0.000001531772,      -0.000000263444,       0.000000324359,      -0.000000000000,      -0.000000000000,      -0.000000222055,
       0.006136214351,       0.001055345940,      -0.001299369606,      -0.000000000000,       0.000000000000,       0.000889541332,
      -0.000000000000,      -0.000000000000,       0.000000000000,      -0.000000222055,       0.000889541332,      -0.000000000000]

   g_p[6,4,:,:] =         [       0.029131999810,       0.004472109776,       0.001707736478,      -0.000000000000,      -0.000000000000,       0.005821983965,
       0.004472109776,       0.004194497486,      -0.000074416863,      -0.000000000000,       0.000000000000,      -0.000103300145,
       0.001707736478,      -0.000074416863,       0.004105672727,      -0.000000000000,       0.000000000000,       0.000307048644,
      -0.000000000000,      -0.000000000000,      -0.000000000000,       0.004620231802,      -0.000000000000,       0.000000000000,
      -0.000000000000,       0.000000000000,       0.000000000000,      -0.000000000000,       0.004620231802,      -0.000000000000,
       0.005821983965,      -0.000103300145,       0.000307048644,       0.000000000000,      -0.000000000000,       0.004466887750]

   g_p[6,5,:,:] =         [      -0.025959321319,      -0.000113166415,       0.004141959473,       0.000000000000,      -0.000000000000,       0.001961419932,
      -0.000113166415,      -0.004472894968,      -0.000099234042,       0.000000000000,       0.000000000000,      -0.001796368579,
       0.004141959473,      -0.000099234042,      -0.002736002654,       0.000000000000,      -0.000000000000,      -0.000369181096,
       0.000000000000,       0.000000000000,       0.000000000000,      -0.003578297903,       0.000000000000,       0.000000000000,
      -0.000000000000,       0.000000000000,      -0.000000000000,       0.000000000000,      -0.003578297903,       0.000000000000,
       0.001961419932,      -0.001796368579,      -0.000369181096,       0.000000000000,       0.000000000000,      -0.002638622070]

   g_p[6,6,:,:] =         [       1.672974349088,       0.110197221191,      -0.140887505264,      -0.000000000000,       0.000000000000,       0.054737938962,
       0.110197221191,       0.362135181192,      -0.013641704736,      -0.000000000000,       0.000000000000,       0.042199851580,
      -0.140887505264,      -0.013641704736,       0.392017847205,       0.000000000000,      -0.000000000000,       0.016531008041,
      -0.000000000000,      -0.000000000000,       0.000000000000,       0.392905892456,      -0.000000000000,       0.000000000000,
       0.000000000000,       0.000000000000,      -0.000000000000,      -0.000000000000,       0.392905892456,      -0.000000000000,
       0.054737938962,       0.042199851580,       0.016531008041,       0.000000000000,      -0.000000000000,       0.359940534784]
